LWAGE	GRADE	UNION
1.197540164	14	0
1.85306	14	1
1.344461679	14	0
1.433213353	14	0
1.568125129	14	0
1.699891	14	0
-0.7202626	14	0
1.669188	14	0
1.675962448	13	0
1.518398166	13	0
1.559190512	13	0
1.725410104	13	0
1.622022271	13	0
1.608588219	13	0
1.57238543	13	0
1.820333838	13	0
1.51596272	12	0
1.735379	12	0
1.63174367	12	0
1.998228788	12	0
2.18401432	12	0
2.266662	12	0
2.069944	12	0
2.873161	12	0
1.894115	12	1
1.471159339	12	1
1.47349751	12	0
1.740914226	12	0
1.823213696	12	0
1.908272862	12	0
1.742447376	12	0
2.135689	12	0
1.948774815	12	1
1.962259293	12	0
1.963296771	12	0
2.202515602	12	0
2.134954214	12	0
2.125822783	12	0
1.991016626	12	0
2.112393379	12	0
0.258554876	10	0
1.319971681	10	0
1.462085247	10	0
1.32028687	10	0
1.703646541	10	0
1.445803165	10	0
1.806364	10	0
2.148120165	10	0
1.737285495	13	0
1.989601	13	0
2.189916849	13	0
1.855463266	13	0
1.922437787	13	0
2.061024	13	0
1.782201648	13	0
2.414681673	13	0
1.208735347	12	0
1.194039702	12	0
1.170440555	12	0
1.097964525	12	0
0.7658162	12	0
1.119026	12	0
1.119366765	12	0
0.8314595	12	1
0.502470136	11	1
1.064912319	11	0
1.189498	11	0
1.539888501	11	0
1.598286	11	0
1.737320662	11	0
1.988456	11	0
2.158678532	11	0
1.005294	10	1
0.9376874	10	1
1.367487669	10	1
1.378008723	10	1
1.170183539	10	1
1.728221416	10	0
1.709864736	10	0
1.851074815	10	0
1.130545378	14	0
0.836248	14	0
1.467359781	14	0
1.071483612	14	0
1.445919514	14	0
1.685116291	14	0
1.686175	14	0
1.755130291	14	0
1.565692	14	0
2.493875265	14	0
1.822662115	14	0
2.380336	14	0
2.217128515	14	0
2.272031546	14	0
2.353798628	14	0
2.42945	14	0
1.918003201	11	0
0.7654077	11	0
1.978185415	11	0
1.948553681	11	0
2.037026	11	0
1.902574778	11	0
1.972603679	11	0
2.186982155	11	0
1.78447175	11	0
2.179982662	11	0
1.963865399	11	1
2.044932842	11	0
2.012861252	11	0
2.096985817	11	0
2.143966198	11	0
2.24128437	11	1
2.013313293	15	0
1.962152481	15	0
2.275641	15	0
2.194917679	15	0
2.428337336	15	0
2.723037	15	0
2.966396332	15	0
3.065051794	15	0
1.564181328	12	0
1.683545828	12	0
1.690503359	12	0
1.660871625	12	0
1.698050618	12	0
1.671768188	12	0
1.635717511	12	0
1.786971	12	0
2.107189655	12	1
2.089011	12	1
2.042724	12	1
1.308155775	12	1
1.488152266	12	0
1.542818189	12	0
1.535134673	12	0
1.45433557	12	0
1.629912	11	1
1.775113	11	1
1.967256308	11	0
2.075186253	11	0
2.128833532	11	0
2.268419266	11	0
1.992139	11	0
2.421554565	11	0
1.786075711	12	0
2.280766	12	0
2.264266253	12	0
2.275456429	12	0
2.208132505	12	0
2.199852467	12	0
2.2069	12	0
2.476867	12	0
1.643386841	12	0
1.335580468	12	0
1.52281785	12	0
1.418851376	12	0
0.9039274	12	0
1.888564	12	0
1.78344965	12	0
1.698008299	12	0
1.838197231	12	0
1.817077279	12	1
1.671740294	12	0
1.572830558	12	0
1.682546377	12	0
1.583640218	12	0
1.773293138	12	0
1.861079	12	0
1.462888122	12	0
1.570217252	12	0
1.656601787	12	1
1.725410104	12	0
1.772158504	12	0
2.011084318	12	0
1.991016626	12	0
1.952050686	12	0
1.652095	11	0
1.489535	11	0
1.881175756	11	0
2.06103158	11	0
2.488836288	11	1
2.430938	11	1
2.534560442	11	1
2.069602489	11	1
2.165839434	12	0
2.3254	12	0
2.383650541	12	0
2.337211609	12	0
2.412507534	12	0
2.384146	12	0
2.35203	12	0
2.577756643	12	0
0.9726263	13	0
1.003104448	13	0
1.099635	13	0
1.21458447	13	0
1.319241762	13	0
1.389742494	13	0
1.573538	13	0
1.900699735	13	0
1.682627	12	0
1.661706328	12	0
1.755041838	12	0
1.753450751	12	1
1.618007898	12	0
1.648178697	12	0
1.745894194	12	0
1.727081895	12	0
1.939345479	14	0
2.120263577	14	0
2.160507	14	0
2.489254	14	0
2.37569356	14	0
2.295886755	14	0
2.299090147	14	0
2.581879377	14	0
1.386847258	12	0
2.127581835	12	0
0.9688702	12	0
1.163598895	12	0
1.35661912	12	0
1.416253328	12	0
1.214983225	12	1
1.639359474	12	0
0.683725059	12	0
1.078989	12	0
0.8396357	12	0
1.507569	12	0
1.020651698	12	0
0.5425978	12	0
0.114716314	12	0
0.312851757	12	0
1.626772165	12	0
1.880875	12	0
1.741196513	12	1
2.194788456	12	1
2.083836	12	0
1.91844821	12	0
2.156713724	12	0
1.985041	12	0
1.396706223	12	1
1.519825697	12	1
1.509153	12	1
1.645041585	12	1
1.549015	12	1
1.826956272	12	1
1.883680344	12	1
2.02366066	12	1
1.731417298	12	1
1.813759	12	0
1.700048327	12	1
1.939648867	12	1
1.935752749	12	0
2.099785	12	0
2.192046642	12	0
2.005143	12	0
2.821782589	12	0
2.179982662	12	0
2.309426546	12	0
2.251321316	12	0
2.352297	12	0
2.313848257	12	0
2.25342	12	0
2.405352592	12	0
1.23202455	11	0
1.366491675	11	0
1.690503359	11	0
1.660871625	11	0
1.555876136	11	0
-0.7141256	11	0
1.468481	11	0
0.5130058	11	0
1.959579587	13	1
1.893339276	13	0
3.096215725	13	1
1.910813332	13	1
1.615264416	13	0
2.076528	13	0
2.10754	13	0
2.155585289	13	0
1.655639	12	0
1.464256	12	0
1.00782752	12	0
1.477949262	12	0
0.6187202	12	0
2.225624	12	0
2.657730579	12	0
2.139191628	12	0
1.497270584	12	0
1.601716	12	0
1.504842877	12	0
1.798046827	12	0
1.652890205	12	0
1.763385415	12	0
1.722682	12	0
1.762060642	12	0
0.8915284	14	0
1.931021571	14	0
1.902649879	14	0
1.885374784	14	0
1.6787076	14	0
1.896358371	14	0
1.788370252	14	0
1.563827395	14	0
0.992524	10	0
2.345144749	10	1
1.680934	10	1
1.989654	10	0
2.448014259	10	1
2.450180292	10	1
2.172239304	10	1
2.415983677	10	1
1.587761521	11	1
1.609438	11	1
1.50818181	11	1
1.555511	11	1
1.549015	11	1
1.61643	11	0
1.825937	11	1
1.990435	11	1
1.55621314	13	0
0.422912031	13	0
0.7104341	13	0
0.9317217	13	0
-3.579078674	13	0
1.32275629	13	0
1.389700174	13	0
1.543499708	13	0
-0.372661352	10	0
0.6063144	10	0
0.8648805	10	0
0.5121712	10	0
0.6839116	10	0
0.9997493	10	0
1.434860587	10	0
1.17703557	10	0
0.8836852	12	0
1.424866676	12	0
1.365903616	12	0
1.391689	12	0
1.792189598	12	0
1.948283315	12	0
2.263611555	12	0
2.628963709	12	0
1.562727809	14	1
1.664497733	14	1
1.770546	14	0
1.786034703	14	0
2.001000166	14	0
1.648178697	14	1
2.125711	14	0
1.688419223	14	1
1.875813127	12	0
1.956676126	12	0
1.867254	12	0
2.174533	12	0
1.914497137	12	0
2.017925739	12	1
2.11765933	12	1
1.977629	12	1
1.570450902	12	0
1.562185	12	0
1.569976807	12	0
1.794119596	12	0
1.837172	12	0
1.813935	12	0
2.038395643	12	0
1.905903578	12	0
0.5968629	10	1
0.4749912	10	0
1.090265393	10	0
1.000002	10	1
0.8330531	10	1
1.401281118	10	1
1.734129429	10	1
1.882872	10	1
2.000043869	12	1
2.30771184	12	1
2.308812618	12	1
1.880415797	12	1
1.869900823	12	0
2.07919836	12	1
1.887449741	12	1
1.8094275	12	0
0.9975806	10	1
0.230986729	10	1
0.432260931	10	1
0.9741553	10	1
0.5122099	10	1
0.9484363	10	0
1.282688141	10	0
1.377866626	10	0
1.865393281	13	0
2.134249687	13	0
1.040896535	13	0
1.761967659	13	0
1.919158	13	0
2.257065535	13	0
2.111953735	13	0
1.892331481	13	0
1.175440669	13	0
1.411612153	13	0
1.615795	13	0
1.688940644	13	0
1.961550236	13	0
1.910543	13	0
2.018308878	13	0
2.282292366	13	0
1.568009496	12	0
1.395863771	12	1
1.380348444	12	1
1.494423389	12	1
1.394864321	12	1
1.44053936	12	1
1.596362472	12	1
1.619917	12	1
1.602506399	12	0
2.034989834	12	0
2.238628387	12	0
2.217671394	12	0
2.447831154	12	0
2.60369	12	0
2.355690479	12	0
2.186982155	12	0
0.8535585	11	0
0.892167	11	0
0.8500413	11	0
0.5909377	11	0
1.202973247	11	0
1.554618359	11	0
1.802115798	11	0
1.697930336	11	0
2.135247	15	0
2.222542286	15	0
2.135670185	15	0
2.236235619	15	0
2.347522736	15	0
2.414448261	15	0
0.049444925	15	0
2.623219	15	0
0.8193909	13	0
0.589594662	13	0
1.399766564	13	0
1.555511	13	0
1.618007898	13	0
1.607972264	13	0
1.61009264	13	0
1.197449684	13	0
1.039624929	14	0
1.359861135	14	0
1.260502	14	0
1.322710156	14	0
1.718771577	14	0
1.310399175	14	0
1.411624789	14	0
1.386204362	14	0
2.236457	13	1
2.376693	13	1
2.386539221	13	1
2.384628	13	0
2.400285	13	0
2.471379	13	0
2.264099836	13	0
2.282292366	13	0
2.070805311	12	1
1.988927484	12	1
1.978185415	12	1
2.088315487	12	1
2.128833532	12	1
2.207794428	12	1
2.475409	12	1
2.217754	12	1
1.417540312	12	0
1.478102	12	0
1.384883642	12	0
1.517770767	12	0
1.427654147	12	0
1.44053936	12	0
1.420471787	12	0
1.381505847	12	0
1.557642698	11	0
1.482438207	11	0
1.244216204	11	0
0.720826745	11	0
0.8070776	11	0
0.823104	11	0
1.109035611	11	0
2.238643646	11	0
1.447999597	12	0
1.7525388	12	0
1.547402501	12	0
2.043863773	12	0
2.152143717	12	0
2.267218	12	0
2.747342825	12	0
2.57718	12	0
0.7246637	10	0
1.794262648	10	0
1.161927581	10	0
1.459600091	10	0
1.028219938	10	0
1.303338289	10	0
1.649885	10	0
1.309185147	10	1
1.903118253	12	0
2.021071	12	0
1.895427704	12	0
2.122506857	12	0
1.880372167	12	0
1.992477417	12	0
1.964025378	12	0
1.929471	12	0
1.08799684	10	0
1.249144554	10	0
1.547402501	10	0
1.351703405	10	0
1.426116824	10	0
1.056600571	10	0
1.264222503	10	0
2.000009537	10	0
1.887124	12	0
1.481521249	12	0
1.217642	12	0
0.7375861	12	0
1.288773298	12	0
1.073505759	12	0
1.317172289	12	0
2.017049551	12	0
1.111002922	9	1
1.162092566	9	0
1.061894655	9	1
1.127573133	9	0
1.18918	9	0
1.222795	9	1
1.164667487	9	0
1.395894527	9	0
1.342639089	12	0
1.406497121	12	0
1.529702902	12	0
1.757596731	12	0
1.90569	12	0
1.966232	12	0
2.140417	12	0
2.175559282	12	0
1.26407671	11	0
1.278080821	11	0
0.999763	11	0
0.9654241	11	0
1.028619885	11	0
1.012998343	11	0
1.284339666	11	0
1.408174	11	1
1.551967859	14	0
2.128231764	14	0
2.757775784	14	0
1.509607434	14	0
1.933386207	14	0
2.277676	14	0
2.265224457	14	0
2.282758713	14	0
0.8810845	13	0
2.040220737	13	0
1.833003402	13	0
1.774200201	13	0
1.822308302	13	0
2.657274485	13	0
2.774627	13	0
2.851786	13	0
1.543309689	12	0
1.570217252	12	0
1.656601787	12	0
1.660871625	12	0
2.001000166	12	0
1.871322274	12	0
1.890475392	12	0
2.035432339	12	0
1.413112283	14	0
1.667773485	14	0
1.922096	14	0
1.741374	14	0
2.011050463	14	0
2.223543	14	0
2.088562489	14	0
2.34130764	14	0
1.302817583	12	0
1.330724478	12	0
1.299566388	12	0
1.631099463	12	0
1.659153461	12	0
1.648178697	12	0
1.554003239	12	0
1.93374753	12	0
1.853464723	13	0
1.609438	13	0
1.690503359	13	1
1.537495255	13	1
2.041054487	13	0
1.920112491	13	0
2.113619	13	0
2.217754	13	0
1.510342717	12	0
1.510857105	12	0
1.061894655	12	0
1.350716591	12	0
1.21604538	12	0
1.173910737	12	0
1.340429	12	0
1.381505847	12	0
1.622382283	8	0
1.7525388	8	1
1.934756	8	1
1.778595328	8	1
1.868611	8	1
2.011084318	8	1
2.251372337	8	1
2.250543594	8	1
1.530746579	11	0
1.339992881	11	0
1.659569144	11	0
1.383422613	11	0
1.5115062	11	0
1.425035238	11	0
1.443959832	11	0
1.444379091	11	0
1.750865817	12	0
1.832376361	12	0
1.755041838	12	1
1.782105446	12	0
1.721767	12	0
1.73331058	12	1
1.764681578	12	0
1.907599	12	0
0.5567801	15	0
1.554713	15	0
1.68683362	15	0
1.644792795	15	0
2.21279	15	0
1.894876838	15	0
1.79108274	15	0
2.058709383	15	0
1.543309689	8	0
1.689480662	8	0
1.877644181	8	0
2.589254379	8	0
2.738599	8	0
1.861752868	8	0
1.911142	8	0
1.907599	8	0
1.059776306	8	0
1.467701674	8	0
1.339763165	8	0
1.29462719	8	0
1.251763463	8	0
1.332202554	8	0
1.285940886	8	0
1.286195636	8	0
1.764698148	12	0
-0.723918855	12	0
1.890843391	12	0
2.088315487	12	0
2.206275463	12	0
2.15900445	12	0
2.221297	12	0
1.583854198	12	0
1.770083	12	1
1.601716	12	1
1.547402501	12	1
1.786034703	12	1
1.682546377	12	1
1.720499396	12	1
1.799961448	12	1
1.760995507	12	1
0.20628643	10	0
1.121049643	10	0
1.086117387	10	1
1.268914819	10	1
1.099372625	10	1
1.345229149	10	1
1.900045	10	0
1.515391827	10	0
2.036455393	13	0
1.142368317	13	0
1.378535867	13	0
1.47375381	13	0
1.474907	13	0
1.416282415	13	0
1.498433352	13	0
1.500852585	13	0
1.178336	12	1
1.087287188	12	1
0.007734179	12	0
0.796704948	12	0
1.037228346	12	0
1.208374143	12	0
1.204458833	12	0
1.85708046	12	0
0.9743966	12	0
2.465104	12	0
1.05503571	12	0
1.142764807	12	0
1.012746572	12	0
1.072814584	12	0
1.059984684	12	0
0.9269267	12	0
1.033779383	10	0
1.292641	10	1
1.314466357	10	0
1.258214831	10	0
1.64727819	10	0
1.765961766	10	0
1.799961448	10	0
1.810687423	10	0
1.375923	12	1
1.353907824	12	1
1.349576831	12	0
1.351197481	12	0
1.370305777	12	0
1.401318669	12	0
1.580542803	12	0
1.635995	12	1
0.9788978	10	1
1.241713166	10	0
1.259720445	10	0
1.032262921	10	0
1.196193576	10	0
1.168104529	10	0
1.366404533	10	0
1.398313	10	0
1.311867356	12	0
1.222665	12	0
1.408866644	12	1
1.574341	12	0
1.455858827	12	0
1.874824882	12	0
1.87394619	12	0
1.733726382	12	0
1.576051474	13	0
1.742017388	13	0
1.778826833	13	0
1.87116158	13	0
1.656395555	13	0
1.783029675	13	0
1.594825149	13	0
1.9950912	13	0
1.324701309	11	0
1.347073674	11	0
1.56267	11	0
3.200689	11	0
1.838301	11	0
1.870448589	11	0
0.8257647	11	0
1.844714403	11	0
1.176472902	12	0
1.324259	12	0
1.235966325	12	0
1.592994	12	0
1.725366354	12	0
1.820029	12	0
1.836141109	12	0
1.861079	12	0
2.111690521	12	0
2.170552254	12	0
2.134839296	12	0
2.072430134	12	0
2.040541	12	0
2.01895833	12	0
2.167382479	12	0
1.873488426	12	0
0.5609792	12	1
1.546365261	12	0
1.531898379	12	0
1.591878653	12	0
1.685168	12	0
1.648178697	12	0
1.565979362	12	0
2.068422556	12	0
-0.3845819	15	1
1.886070132	15	1
1.987385154	15	1
2.136661	15	1
1.804233789	15	1
2.130121469	15	0
2.631413221	15	0
2.793118	15	0
1.62484169	11	0
1.616873	11	0
1.429619431	11	0
1.73646	11	0
1.716041565	11	0
1.809021235	11	0
1.799961448	11	0
2.183852434	11	0
1.78447175	11	0
1.934860349	11	1
2.026975632	11	0
2.109821796	11	0
2.128833532	11	0
2.094465733	11	1
2.256719828	11	0
2.910901	11	0
1.461624742	12	1
1.682905	12	1
1.872825	12	0
2.043863773	12	0
2.350375652	12	0
2.387135506	12	0
2.410870552	12	0
2.480118	12	0
1.630321145	11	1
1.683545828	11	1
1.781017423	11	1
1.381638527	11	1
2.030624151	11	1
1.810697675	11	1
2.012397528	11	1
2.320032835	11	1
0.6435003	11	0
0.8979416	11	0
1.278796554	11	1
1.335449219	11	1
1.526200294	11	0
1.434203506	11	0
0.060374726	11	0
1.393776	11	0
1.389388084	15	0
1.241713166	15	0
0.9859088	15	0
1.144054294	15	0
1.654600501	15	0
1.648178697	15	1
1.333059907	15	1
1.738180757	15	0
2.364290237	15	0
2.337618	15	0
2.416440487	15	0
2.513867378	15	0
2.647627354	15	0
2.636213303	15	0
2.718755245	15	0
2.768744	15	0
0.937174	12	1
1.018830419	12	0
1.11995852	12	0
0.8383898	12	0
1.246248245	12	0
1.197977781	12	0
1.25341773	12	0
1.301463127	12	0
1.654456258	13	0
1.589547753	13	0
1.748772264	13	1
1.870592117	13	1
2.05411	13	1
1.903898478	13	1
2.083877	13	1
2.282292366	13	1
1.447999597	12	0
1.241713166	12	0
1.380348444	12	0
0.9809696	12	0
1.394864321	12	0
1.401318669	12	0
1.494579792	12	0
1.362457633	12	0
1.005991101	11	0
1.637409568	11	0
1.570719123	11	0
1.757986307	11	0
1.90386	11	0
1.833582	11	0
1.985459	11	0
1.948571205	11	0
1.074007511	11	0
0.966762	11	0
1.324259	11	0
0.560658	11	0
1.682546377	11	0
1.858743548	11	0
1.991016626	11	0
2.148761	11	0
1.166015506	12	0
1.862028718	12	0
1.850352	12	0
1.83412075	12	0
1.928381324	12	0
1.85985	12	0
2.009259	12	0
2.29861927	12	0
1.508624196	11	0
1.506138325	11	0
1.914808	11	0
1.819908619	11	0
1.693128467	11	0
1.682080269	11	0
1.715822	11	0
1.747149467	11	0
2.023541689	12	1
2.00429368	12	1
1.86106	12	1
2.071156	12	1
1.99527669	12	1
1.991969	12	1
2.021503687	12	1
1.997938156	12	1
-0.247380778	12	0
2.283537	12	0
1.294700146	12	1
1.150046	12	0
1.571050882	12	0
-0.742699	12	0
1.851254702	12	0
1.97287035	12	0
1.904955506	11	1
1.879262328	11	0
1.746195674	11	1
2.093135	11	0
1.844763756	11	0
1.678162217	11	0
1.765622	11	0
1.759842277	11	1
2.359059334	12	1
1.923095465	12	0
1.404926896	12	0
0.7995499	12	0
1.314082265	12	0
1.261347771	12	0
1.498433352	12	0
1.550128579	12	0
1.483892441	13	0
1.233988643	13	0
1.532616496	13	0
1.658470631	13	0
1.816277623	13	0
2.015903473	13	0
2.356572	13	0
1.316654921	13	1
0.8943958	10	0
1.043349624	10	0
1.342459679	10	0
1.311010599	10	0
1.012559	10	0
1.3298738	10	0
1.838888	10	0
2.217754	10	0
2.005680323	12	1
1.759996533	12	1
1.873217463	12	1
1.816977262	12	0
1.869561195	12	0
2.058447	12	0
2.234247	12	0
2.225134	12	0
2.007615328	12	0
2.263364315	12	0
2.240549803	12	0
2.348436594	12	1
2.488045216	12	0
2.468285561	12	1
2.346576214	12	1
2.490344763	12	0
1.676566482	12	1
1.572434306	12	1
1.764703751	12	1
1.81502223	12	1
1.772158504	12	1
1.846004486	12	1
1.845355	12	1
1.812288761	12	1
1.296599865	10	0
1.61466	10	0
1.250571251	10	1
1.491859317	10	1
1.890576243	10	0
1.943643	10	0
2.054195642	10	0
2.035432339	10	0
1.467417598	12	0
1.961658478	12	1
2.07207346	12	1
2.105471134	12	1
2.051931	12	1
2.333261251	12	1
2.471034288	12	1
2.45414257	12	1
-0.021080988	11	0
-0.148845628	11	0
0.1806953	11	0
-0.03615448	11	0
0.397348136	11	0
0.9726213	11	0
0.563094437	11	0
0.75907	11	0
1.462084293	11	0
0.3267932	11	0
1.563962221	11	0
1.113192558	11	0
1.209602714	11	1
1.129472136	11	0
1.354513884	11	0
0.4922438	11	0
2.168267	12	1
2.483169	12	1
1.900223851	12	1
2.60296	12	1
2.328792	12	1
2.189776	12	1
2.228549	12	1
2.323114395	12	1
1.342639089	12	0
1.295780301	12	0
1.233745	12	0
1.204113126	12	0
1.307853	12	0
1.47827971	12	0
1.458212137	12	0
1.649769783	12	0
1.188704252	10	0
1.48573935	10	0
1.22340858	10	0
1.64744854	10	0
1.800329447	10	0
1.871322274	10	0
1.832206488	10	0
1.975562	10	0
1.387375	13	0
1.464856625	13	0
1.273565888	13	0
1.443047166	13	0
1.631253123	13	0
1.948283315	13	0
2.06208539	13	0
2.127762794	13	0
1.64645052	12	0
1.094869256	12	0
2.092913628	12	0
1.387717605	12	0
1.845065355	12	1
2.171426773	12	0
2.341966391	12	0
2.015887737	12	0
1.957224	14	1
1.727465153	14	1
2.058228254	14	1
2.390386343	14	0
2.429760695	14	1
2.629008	14	0
2.342639208	14	0
2.400075436	14	0
1.091324568	12	0
1.445717812	12	0
1.450552702	12	1
1.47855	12	0
1.549015	12	0
1.47827971	12	0
1.494579792	12	0
1.589145184	12	1
1.056437373	12	0
1.029619455	12	0
1.381417394	12	1
1.437728	12	1
1.618007898	12	1
-0.5937817	12	0
1.640533686	12	0
1.649769783	12	1
1.649739265	9	0
-0.4054651	9	0
1.005805254	9	0
1.152693629	9	0
1.421092868	9	0
1.273485303	9	1
1.238150239	9	0
1.706928253	9	0
1.637381673	13	0
1.719438791	13	0
1.926892161	13	0
1.99213171	13	0
2.176565	13	0
2.071103	13	0
2.401301146	13	0
2.342917	13	0
2.035786152	12	0
1.929381	12	0
1.898800373	12	0
2.088315487	12	0
2.023473	12	1
2.011084318	12	1
2.074398279	12	1
2.055235	12	1
1.379098415	14	0
1.763172	14	0
2.108060598	14	0
1.811385	14	0
1.743171	14	0
1.947357	14	0
2.137335539	14	0
1.812896132	14	0
1.567888141	12	0
1.539057136	12	0
1.285038233	12	0
1.437728	12	0
1.762589	12	0
1.514647365	12	0
1.494579792	12	0
1.301463127	12	0
0.9020412	11	0
1.078809619	11	1
1.562516212	11	1
1.844167352	11	1
1.90569	11	1
2.062377453	11	1
2.166461468	11	1
2.360254	11	1
1.224856	11	0
0.9346399	11	0
1.105123401	11	0
1.440295458	11	0
1.208278298	11	0
0.9550316	11	0
1.554003239	11	0
1.494834542	11	0
1.197268	10	1
0.6295857	10	1
0.5838037	10	0
0.9254099	10	0
1.112001538	10	0
1.075613737	10	0
1.476225495	10	0
1.528573871	10	0
1.186690092	12	1
1.306251645	12	1
1.735641479	12	1
1.682248116	12	0
1.872977614	12	1
1.905983	12	1
2.026607513	12	1
2.006702423	12	0
2.185739	12	1
2.190016508	12	1
2.18925643	12	1
2.102063417	12	1
2.143361568	12	1
2.113796473	12	1
2.179110289	12	1
2.282292366	12	1
1.378739595	12	0
1.049822092	12	0
1.312424541	12	0
1.228377819	12	0
1.143549919	12	0
1.266992807	12	0
1.126232386	12	0
1.067848325	12	0
1.462527633	12	1
1.547507	12	0
1.335057855	12	0
1.219329476	12	0
1.47832191	12	0
2.021294355	12	0
1.734704137	12	0
1.785409689	12	0
1.602150202	12	0
1.634755731	12	0
1.739293575	12	0
1.781120658	12	0
1.805086613	12	0
2.09965682	12	0
2.066472292	12	0
1.930071831	12	0
0.339826077	13	0
0.7121954	13	0
1.144321203	13	1
0.9807901	13	0
1.58879137	13	1
1.821450472	13	1
1.964918	13	1
1.989130855	13	1
1.918003201	13	0
1.847849	13	0
1.973173	13	0
2.101274729	13	0
2.045452	13	0
2.110339165	13	0
2.087185621	13	0
2.076887608	13	0
1.711226225	12	1
1.655593634	12	1
1.680934	12	0
1.562670588	12	0
1.641203403	12	0
1.535849571	12	0
1.563572645	12	1
1.61899817	12	0
0.9486405	10	0
1.06738615	10	0
1.275468826	10	1
1.219725847	10	0
1.069441915	10	0
1.244687915	10	0
1.030274153	10	0
1.44160974	10	0
1.840041637	13	0
1.798149228	13	0
2.098899126	13	0
2.267007351	13	0
2.369424	13	0
2.396051	13	0
2.452834606	13	0
2.577756643	13	0
1.219386578	12	1
1.295188785	12	0
1.039369226	12	1
1.115516	12	0
1.233050704	12	1
1.36049664	12	0
1.570746899	12	0
1.589145184	12	1
2.14114666	11	1
2.15615654	11	1
2.262211	11	1
2.285025835	11	1
2.436318159	11	1
2.309577227	11	1
2.35203	11	1
2.313064	11	1
1.543309689	9	0
1.562185	9	0
1.502950788	9	1
0.880942	9	0
0.231112719	9	1
1.20086658	9	0
0.9096462	9	0
1.02070117	9	0
0.7548524	12	0
1.088661909	12	0
1.017158866	12	1
0.9897033	12	0
1.010018468	12	1
1.05376637	12	0
0.9250137	12	0
0.9024289	12	0
1.447999597	12	0
1.347073674	12	0
1.285038233	12	0
1.350716591	12	0
1.43568635	12	1
1.44053936	12	0
1.628111124	12	0
1.67875731	12	0
1.788325429	12	0
1.683545828	12	1
1.872825	12	0
1.660871625	12	0
1.618007898	12	0
1.648178697	12	0
1.688735843	12	0
1.760995507	12	0
1.602150202	12	1
1.570217252	12	0
1.667688727	12	1
1.35486722	12	1
1.51870966	12	1
1.514647365	12	1
1.745894194	12	0
1.952050686	12	1
1.978627801	14	0
2.14907527	14	0
2.297708	14	0
2.085754871	14	0
2.186403275	14	0
2.011084318	14	0
2.03357625	14	0
1.907599	14	0
1.109545112	10	1
1.281934381	10	0
1.253878117	10	0
1.265068412	10	0
1.26133287	10	0
1.273736119	10	0
1.37168169	10	0
1.524296522	10	1
0.624082148	13	0
1.261551499	13	0
1.627619	13	0
1.622289896	13	0
1.620272875	13	0
1.595732212	13	0
1.71772337	13	0
1.631644	13	0
1.891335	12	0
1.788906455	12	0
1.835084558	12	0
1.887906313	12	0
1.84700644	12	0
1.888944	12	0
1.922810793	12	0
1.833491	12	0
1.554879	13	0
1.647178292	13	0
1.686495304	13	0
1.640532851	13	0
1.743171	13	0
2.026055813	13	0
1.946565	13	0
1.973556876	13	0
1.4792521	13	0
1.825711727	13	0
1.69149363	13	0
1.808791757	13	0
1.98256731	13	0
1.983113647	13	0
2.826184273	13	0
2.411125183	13	0
1.336850286	9	0
1.494378805	9	1
2.040753603	9	0
1.992973	9	0
1.93921268	9	0
2.088662863	9	0
2.284577	9	0
1.936704278	9	0
2.293602	13	1
1.565736651	13	0
1.812653	13	0
1.898543239	13	0
2.007620811	13	0
2.143556595	13	0
3.397526	13	0
2.071349621	13	0
0.3789327	9	0
1.07513988	9	0
0.7465227	9	0
1.206616282	9	0
1.185723662	9	0
1.32739675	9	0
1.198237777	9	0
1.408656836	9	0
1.184034	12	0
1.718664	12	0
1.696498394	12	0
1.725410104	12	0
1.975124478	12	0
0.9419309	12	0
1.420471787	12	0
1.646477699	12	0
1.162724257	9	0
1.203972816	9	0
1.080877185	9	0
0.8325664	9	0
1.182237387	9	0
1.36049664	9	0
1.357177	9	0
1.381505847	9	0
1.666561246	15	0
1.337504148	15	0
1.372461	15	0
1.57787466	15	0
1.114503384	15	0
1.70801878	15	0
1.800527215	15	0
1.960708737	15	0
1.304898739	12	0
1.316561	12	0
1.731809616	12	0
1.531016	12	0
1.920218	12	0
1.578365684	12	0
2.050057411	12	0
1.946507215	12	0
1.400209	12	0
1.625932217	12	0
1.907714367	12	0
1.705051	12	0
1.818678617	12	0
1.772909	12	0
1.723421335	12	0
2.043400526	12	0
1.458102822	14	1
1.760079145	14	1
1.788678169	14	1
2.052928448	14	1
2.436478376	14	0
2.901422501	14	0
3.079569578	14	0
2.624699354	14	0
2.068576	12	1
2.158003807	12	1
2.201329	12	1
2.092654	12	1
2.475539	12	1
2.216986	12	1
2.267264843	12	1
2.277177334	12	1
1.863936	12	1
1.617106	12	1
1.86695981	12	1
1.782387495	12	1
1.868831873	12	1
1.803320646	12	1
1.66559422	12	1
1.71697855	12	1
2.14114666	15	0
2.201489	15	0
2.181126356	15	0
2.267007351	15	0
2.421503	15	0
2.430938	15	0
2.583622694	15	0
2.649536371	15	0
1.515658259	12	0
1.293767	12	0
1.367688537	12	0
1.676213	12	0
1.975542426	12	1
2.133686543	12	1
2.113619	12	1
2.183852434	12	1
0.5911323	12	0
0.6889892	12	0
0.8467833	12	0
1.192522	12	0
0.9618112	12	0
0.8861319	12	0
1.000118136	12	0
1.723409414	12	0
0.483651549	10	0
0.03045921	10	0
0.687682152	10	0
0.675587952	10	0
0.6465372	10	0
0.9550316	10	0
1.563572645	10	0
1.301463127	10	0
1.630321145	12	1
1.934860349	12	1
1.926892161	12	1
1.620049596	12	1
2.045452	12	1
2.133686543	12	1
1.946565	12	1
2.035432339	12	1
1.978243232	14	0
1.74381	14	0
1.929395318	14	0
2.06103158	14	0
2.264565	14	0
2.152734756	14	0
2.289509773	14	0
2.313064	14	0
1.602733135	12	1
2.199401	12	1
1.608244181	12	1
1.378008723	12	0
1.854396582	12	1
1.514647365	12	0
1.661633849	12	0
2.374757528	12	1
1.740221262	13	0
1.853757858	13	0
1.925999641	13	0
2.010764	13	0
2.016823292	13	0
2.046675205	13	0
2.23849225	13	0
2.245722294	13	0
0.9163473	11	0
1.449234128	11	0
1.926892161	11	0
2.043863773	11	0
2.148636	11	0
2.171426773	11	0
2.239912748	11	0
2.282292366	11	0
1.978627801	12	1
1.934860349	12	1
1.818555236	12	1
1.943541	12	1
1.86663723	12	1
2.019397497	12	1
1.943085432	12	1
1.553184271	12	0
1.496352792	8	1
1.778060675	8	1
1.832701802	8	1
1.97295928	8	1
1.028619885	8	1
1.493841767	8	0
1.340429	8	0
1.900299668	8	0
1.790993571	12	1
1.847109556	12	1
1.680650353	12	1
1.777760386	12	1
1.789452791	12	1
1.79336071	12	1
2.192090511	12	1
1.844475389	12	1
1.69604373	12	0
1.586090565	12	0
1.56267	12	0
1.57749	12	0
1.584106326	12	0
1.391749263	12	0
1.602793336	12	0
1.614857554	12	0
1.876349	12	1
1.820502	12	1
1.872125864	12	1
2.093135	12	1
2.272153	12	1
2.152315378	12	0
2.23561	12	0
2.299584	12	0
1.646850467	10	1
1.819177389	10	1
1.627619	10	1
2.153828859	10	1
2.733778238	10	1
2.333663	10	1
1.622996	10	0
1.76034	10	0
1.641714334	12	0
1.573733449	12	1
0.9106222	12	0
1.150046	12	1
1.504465818	12	1
1.574532151	12	1
1.508764386	12	1
1.67875731	12	1
1.32016623	11	0
0.6998573	11	1
1.285038233	11	0
1.660871625	11	0
1.565942287	11	1
1.708803415	11	1
1.752889752	11	0
1.690241337	11	0
1.206918359	13	0
1.443452716	13	0
0.6258807	13	0
1.860261	13	0
2.167533398	13	0
2.27364254	13	0
2.37099576	13	0
2.333887815	13	0
1.233230829	12	0
1.315198421	12	0
1.276201725	12	1
1.55200386	12	0
1.288131118	12	0
1.276819229	12	0
1.396717668	12	0
1.768033743	12	0
1.208285332	11	0
1.255266	11	0
-0.269049555	11	0
0.7217662	11	0
0.37036	11	0
1.015656233	11	0
1.057566285	11	0
1.683456	11	1
1.638043165	7	1
1.106140614	7	1
1.593446493	7	0
1.587880254	7	0
2.001481	7	0
1.728221416	7	0
1.684623361	7	0
1.930071831	7	0
1.39191	12	0
1.820159	12	0
0.6094726	12	0
1.49206233	12	0
1.807325	12	0
1.849918365	12	0
1.986986399	12	0
3.343164444	12	0
1.358387351	10	0
1.376632452	10	0
1.547402501	10	0
1.843193173	10	1
2.128833532	10	0
2.053644	10	0
1.776621699	10	0
2.409315348	10	1
1.231923223	15	0
1.175223351	15	1
1.558331609	15	0
1.631099463	15	0
1.889625311	15	0
2.065249443	15	0
2.074398279	15	0
2.282292366	15	0
1.23807621	12	0
1.306488395	12	0
1.63289988	12	1
1.554205418	12	0
1.782629848	12	0
1.960333705	12	0
2.140911	12	0
2.217754	12	0
1.973895431	14	1
2.390996	14	1
2.356251478	14	0
2.56225	14	1
2.635774612	14	1
2.64253	14	1
2.806766272	14	1
2.812797546	14	1
0.520236433	12	0
0.057849534	12	0
1.111224771	12	0
1.182082772	12	0
1.318163276	12	0
1.341448426	12	0
2.040712	12	0
1.81537044	12	0
1.356192	10	0
1.080912709	10	0
0.616223156	10	0
0.9848826	10	0
0.7715383	10	0
1.209427714	10	0
2.044626236	10	0
1.649022222	10	0
1.45141077	12	0
1.421489835	12	0
1.565358	12	0
1.999509573	12	0
1.722743154	12	0
1.820781827	12	0
2.04285	12	0
1.93308115	12	0
1.227121	10	0
1.529395223	10	0
1.735681176	10	0
1.74143815	10	0
1.949175	10	0
2.175533772	10	0
1.976418	10	0
2.099970818	10	0
1.572112679	12	0
2.21782	12	0
0.9842217	12	0
1.302155495	12	0
1.845065355	12	0
1.910543	12	0
2.321258307	12	0
2.464614	12	0
1.93435812	15	0
2.040220737	15	0
1.978185415	15	0
2.020874262	15	0
2.168054	15	0
2.094465733	15	0
1.57894218	15	0
1.168412685	15	0
1.180120111	11	0
0.9523498	11	0
1.387909	11	0
1.468980551	11	0
1.929643154	11	0
2.044514	11	0
1.883831	11	0
2.112393379	11	0
1.337842822	16	0
2.208222389	16	0
1.997603536	16	0
2.055536509	16	0
1.873734355	16	0
2.010158777	16	0
2.032837	16	0
2.195281	16	0
2.122098446	13	0
0.6539265	13	0
1.582382202	13	0
1.335449219	13	0
1.921194	13	0
0.7652592	13	0
1.539818525	13	0
2.035432339	13	0
0.2561188	11	0
-1.259880424	11	0
1.547402501	11	1
1.591878653	11	1
1.657228589	11	1
1.583640218	11	1
1.596362472	11	0
1.524606705	11	1
1.190826297	11	0
1.572880268	11	0
2.167335	11	0
1.859255552	11	0
2.036295176	11	0
2.139956236	11	0
2.194541	11	0
2.076887608	11	0
1.601883173	14	0
1.376647115	14	0
1.348356485	14	0
1.216155529	14	0
1.253978252	14	0
1.505544186	14	0
1.527033329	14	0
1.69785583	14	0
2.130711794	13	0
2.002480507	13	0
2.160507	13	0
1.980394244	13	0
2.15900445	13	0
2.242757559	13	0
2.321258307	13	0
2.551577	13	0
1.679111242	12	1
1.534714341	12	1
1.660047	12	1
1.700092316	12	1
1.486440301	12	1
1.682080269	12	1
1.478807449	12	0
1.547057	12	1
2.165839434	12	1
2.089011	12	1
2.126562357	12	1
2.130875	12	1
2.128833532	12	1
2.094465733	12	1
2.074398279	12	1
2.035432339	12	0
0.9318463	14	1
1.958489	14	0
1.739202857	14	0
1.877426267	14	0
2.529844284	14	0
3.449363232	14	0
2.862749	14	0
3.016261578	14	0
1.710363865	12	0
1.609438	12	0
1.592523	12	0
1.591878653	12	0
1.692075253	12	1
1.871322274	12	1
1.851254702	12	1
1.952050686	12	1
2.063185215	12	1
2.040220737	12	1
2.201329	12	1
2.066336632	12	1
1.978010654	12	1
1.92459476	12	1
2.149836	12	1
1.921143174	12	0
1.671143174	11	1
1.609438	11	1
1.821839333	11	0
1.843193173	11	0
1.931698799	11	1
1.943332791	11	1
1.901922822	11	0
2.001266718	11	1
1.964307785	12	0
2.064913511	12	0
2.026975632	12	0
2.088315487	12	0
2.088011503	12	0
2.207794428	12	0
2.187727	12	0
2.148761	12	0
1.443203449	12	0
1.417166	12	0
1.652763	12	0
1.693661332	12	0
1.682546377	12	0
1.678222895	12	0
1.481682539	12	0
1.437259555	12	0
1.126323462	14	0
0.230986729	14	0
2.227126598	14	0
2.17169714	14	0
2.220440865	14	0
2.181477308	14	0
2.439041376	14	0
2.510423422	14	0
1.671143174	12	1
2.024953365	12	1
-0.487303138	12	1
1.861542225	12	1
1.944910645	12	1
1.871322274	12	1
1.942237377	12	1
2.033430338	12	1
1.118880272	12	0
1.83924	12	0
1.892763734	12	1
1.957348228	12	1
2.032702	12	1
2.188393	12	1
2.303775311	12	1
2.277212	12	1
1.766997576	12	0
1.801297188	12	0
1.925882816	12	0
2.043863773	12	0
2.129902363	12	0
2.15900445	12	0
2.223893642	12	0
2.13074255	12	1
2.01024127	12	1
2.072185755	12	1
2.261603	12	0
2.210918	12	1
2.242162228	12	1
2.080082417	12	1
2.138936758	12	0
2.160595417	12	1
0.9072418	10	0
0.07472355	10	0
0.171579465	10	0
0.9480026	10	0
1.227070808	10	0
0.435453147	10	0
0.638812	10	0
1.677556157	10	0
1.508497715	12	0
1.831605434	12	1
1.506580472	12	1
1.631655	12	1
1.545016527	12	1
1.820029	12	1
1.641958237	12	1
1.688990593	12	0
1.842216	14	0
1.736189604	14	0
2.291991711	14	0
1.838029	14	0
2.331942	14	0
2.288879395	14	0
2.510144234	14	0
2.460952	14	0
1.670646	12	0
1.939277	12	0
2.049585	12	0
2.010247231	12	0
2.091792	12	0
2.023338556	12	0
1.975597739	12	0
1.85311079	12	0
1.67441082	13	0
1.791759491	13	0
1.518797755	13	0
1.725410104	13	0
1.648644805	13	0
1.777669668	13	0
1.773293138	13	0
1.812288761	13	0
-1.103046894	13	0
1.863826275	13	0
1.744330287	13	0
2.112884283	13	0
2.081042767	13	0
2.401950598	13	0
2.493108511	13	0
2.728579521	13	0
1.680525	12	0
1.703229	12	0
1.66884923	12	1
2.018772	12	1
2.023873806	12	1
2.122081	12	1
2.014528	12	1
2.148761	12	1
1.256108522	11	0
1.716536	11	0
1.721012115	11	0
1.764630795	11	0
2.147469521	11	0
2.089441776	11	0
2.14842844	11	0
2.160469	11	0
1.948774815	12	1
2.040220737	12	1
2.066516876	12	1
2.210918	12	1
2.08404541	12	1
2.094465733	12	1
1.980400205	12	1
1.99793148	12	1
1.173124075	11	0
1.318881631	11	0
1.48038125	11	0
1.613750815	11	0
1.406840444	11	0
1.391749263	11	0
1.291639	11	0
1.332715631	11	0
1.440416217	11	0
1.413945913	11	0
1.547402501	11	0
1.76882875	11	0
1.766427875	11	0
1.871322274	11	0
1.710271597	11	0
1.61034739	11	0
2.249360323	12	1
2.359743595	12	1
2.279770374	12	1
2.320117235	12	1
2.304466	12	1
2.401950598	12	1
2.439041376	12	1
2.45414257	12	1
1.998046	12	0
1.893159628	12	0
1.852390289	12	0
1.620530486	12	0
1.996204	12	0
1.583858728	12	0
1.849038243	12	0
2.059148788	12	0
0.5945394	15	1
0.546165	15	0
0.9526954	15	0
0.771379054	15	0
2.028292179	15	0
1.965131164	15	0
1.905589	15	0
1.655942678	15	0
1.447999597	11	0
1.32802546	11	1
1.523930192	11	1
1.594960332	11	0
2.44515419	11	1
1.736064672	11	0
1.6933074	11	1
1.982937813	11	1
1.611273	7	0
1.7525388	7	0
1.671455145	7	0
1.437728	7	0
1.90569	7	0
1.42401	7	0
1.803861	7	0
1.524606705	7	0
2.007615328	12	0
2.179982662	12	0
1.978185415	12	0
1.948553681	12	0
2.088011503	12	0
2.094465733	12	0
1.991016626	12	0
2.035432339	12	0
0.8568673	9	0
1.332504153	9	0
1.305210829	9	0
1.21458447	9	0
1.247924685	9	0
1.463113666	9	1
1.340429	9	0
2.043881416	9	0
1.314949	11	1
1.194172859	11	0
0.9009272	11	0
1.254532695	11	0
1.382889152	11	0
1.6126194	11	0
1.868714	11	0
1.815251708	11	0
1.43843	9	0
1.541708469	9	0
1.41974771	9	0
1.679983377	9	0
1.388999224	9	0
1.434674263	9	0
1.557069182	9	0
1.484659195	9	0
2.204250336	13	0
2.411656	13	0
2.314657688	13	0
2.508169413	13	0
2.598837	13	0
2.700374	13	0
2.741446733	13	0
2.663440228	13	0
2.564134	12	1
2.510224342	12	1
2.593371	12	1
2.5637393	12	1
2.465305805	12	1
2.613259554	12	1
2.645498	12	1
2.282292366	12	1
1.777172446	16	0
1.89712	16	0
2.026975632	16	0
2.130875	16	0
2.045452	16	0
2.23596549	16	0
2.113619	16	0
2.148761	16	0
1.171367288	10	0
1.843052745	10	0
1.161168814	10	0
0.9177726	10	0
0.9271024	10	0
1.455806851	10	0
1.373218894	10	0
1.44844532	10	0
0.9933319	12	1
0.984668	12	1
1.242137432	12	1
1.78483355	12	1
1.833685	12	1
1.517054	12	0
1.628111124	12	1
1.426626325	12	1
1.680458307	11	1
2.290006399	11	1
2.028579473	11	1
1.758648753	11	1
2.003092527	11	1
1.474594831	11	0
2.35203	11	0
1.388474464	11	0
1.195795178	11	1
1.397355318	11	0
1.517894506	11	0
1.786034703	11	0
1.251763463	11	0
1.306227088	11	0
1.448196411	11	0
1.364976525	11	1
1.459483504	12	0
1.592908621	12	0
1.398367	12	0
1.820720315	12	0
1.682546377	12	0
1.557775736	12	0
1.340429	12	0
1.210275	12	0
2.117404461	12	1
2.267192602	12	1
1.991295	12	1
2.140562296	12	1
2.168054	12	1
1.936593652	12	1
1.60100925	12	1
1.711333513	12	1
1.854151726	6	0
1.805129647	6	0
1.872825	6	0
1.978112459	6	0
1.999408	6	1
2.188746452	6	0
2.074398279	6	0
1.504884839	6	0
1.229391217	10	0
1.418341	10	0
1.070392251	10	1
0.8207249	10	0
1.236496	10	0
1.291503787	10	0
1.360231757	10	0
1.03467083	10	0
1.802247763	12	0
1.785328627	12	0
1.815666556	12	0
1.875983	12	0
1.800329447	12	0
1.820029	12	0
1.475531578	12	0
1.800216198	12	0
2.112708807	12	1
2.229253769	12	0
1.533609152	12	0
1.638398767	12	0
1.699027658	12	0
1.617568851	12	0
1.630912304	12	0
1.704527259	12	0
1.061952591	11	0
1.016822815	11	0
1.244216204	11	0
1.169464	11	0
1.105809569	11	0
0.637577355	11	0
0.6095416	11	0
1.715748429	11	0
1.721292853	11	0
1.981609344	11	1
1.209655643	11	0
1.467286825	11	1
1.797547817	11	1
2.153104544	11	1
1.991016626	11	1
2.183852434	11	1
1.742112517	12	0
1.360412717	12	0
1.289857507	12	0
1.224947214	12	0
1.212542772	12	0
1.133723378	12	0
1.11282	12	0
1.311340809	12	0
0.4064126	12	0
0.040821996	12	0
0.9911405	12	0
0.5125538	12	0
0.7317799	12	0
1.207639694	12	0
1.340429	12	0
1.348405838	12	0
1.543309689	11	0
1.683545828	11	0
1.479456663	11	0
1.150046	11	0
1.142201304	11	0
1.708803415	11	0
1.745894194	11	0
1.706928253	11	0
2.14114666	12	1
2.064174175	12	1
1.407255888	12	0
1.486518145	12	0
1.51264739	12	0
1.61643	12	0
1.730626702	12	1
1.913385	12	1
-0.035206255	11	0
0.283524066	11	0
1.263471	11	0
1.548086762	11	0
2.068997145	11	0
1.490736723	11	0
1.775164604	11	0
1.125572443	11	0
1.810905	13	1
1.95138967	13	1
1.97731173	13	1
2.1147964	13	1
2.19704175	13	1
2.198225	13	0
1.938266158	13	0
1.960460663	13	0
1.630321145	11	0
2.089011	11	1
2.015234709	11	0
2.034294367	11	1
2.088011503	11	0
1.79721427	11	0
2.321258307	11	0
1.524606705	11	0
1.304898739	13	0
1.630491376	13	1
1.651837587	13	0
2.255269289	13	0
1.90569	13	0
1.703077316	13	0
2.028097	13	0
2.340356	13	0
1.32382679	12	0
1.450832844	12	0
1.29735148	12	0
1.393658519	12	0
1.00525856	12	0
1.491696119	12	0
1.568891764	12	0
1.599149823	12	0
0.890584	11	1
0.9270628	11	0
1.101957917	11	0
1.047879577	11	0
1.760508	11	0
1.310137868	11	0
1.667332	11	0
1.711747527	11	1
2.26701951	12	1
2.125205	12	1
2.073495626	12	1
2.043863773	12	1
2.367185	12	1
2.129067659	12	1
2.03357625	12	1
2.035432339	12	1
2.055204391	11	1
1.997861505	11	1
2.03881	11	1
2.174104	11	1
1.988279462	11	1
1.921911716	11	1
2.035287142	11	1
1.853912354	11	1
-0.696018	13	0
1.718973756	13	0
1.805757	13	0
1.236358285	13	0
1.838750482	13	0
1.615743518	13	0
1.582990766	13	0
1.948359251	13	1
1.759466529	12	0
1.423335671	12	0
1.446897507	12	0
1.547218	12	0
1.543262362	12	0
1.514210343	12	0
1.518911839	12	0
2.559309	12	1
0.636215	10	0
0.8620211	10	0
1.064159751	10	0
1.350716591	10	0
1.492267	10	0
1.53485	10	0
1.732522488	10	0
1.877293587	10	0
1.595672	12	0
1.793050647	12	0
1.815666556	12	0
2.116919756	12	0
2.38948679	12	0
2.489422	12	0
2.506180763	12	0
2.600746	12	0
0.9417034	12	0
1.243193507	12	1
1.380348444	12	1
1.140937448	12	1
1.474907	12	1
1.47827971	12	1
1.596362472	12	1
1.706928253	12	1
2.089853525	12	1
2.179982662	12	0
2.349749	12	1
2.17169714	12	1
2.281382799	12	1
2.207794428	12	1
2.256719828	12	0
2.217754	12	1
1.790406585	12	1
1.871802211	12	1
1.328814745	12	1
1.657751441	12	1
1.774945855	12	1
1.851119637	12	1
1.900045	12	1
1.952050686	12	0
1.961678267	12	1
1.654558301	12	1
1.764210224	12	1
1.700092316	12	1
1.7819134	12	1
1.752319	12	1
1.865782857	12	1
1.767781258	12	1
0.73214215	12	0
0.9762421	12	0
0.745056	12	0
1.05999434	12	0
1.578016877	12	1
1.730496764	12	0
1.723421335	12	0
1.934612632	12	1
0.9885614	11	0
1.501263738	11	0
1.801636696	11	1
1.097417	11	0
1.028619885	11	0
1.33674264	11	0
1.711492777	11	0
1.118540764	11	0
1.139698148	14	0
0.7507763	14	0
0.9806693	14	0
1.072284	14	0
0.7042202	14	0
0.6867676	14	0
1.546272516	14	0
1.524606705	14	0
1.286322355	12	0
1.648249626	12	1
2.296639204	12	0
2.285025835	12	0
2.520875692	12	0
2.513176203	12	0
2.593192	12	0
2.577756643	12	0
1.326877594	12	0
1.063067317	12	0
0.9973562	12	0
1.196187139	12	0
1.26133287	12	0
1.273485303	12	0
1.340429	12	0
1.342285156	12	0
1.695885777	14	1
1.817077279	14	1
1.929544806	14	1
1.967783213	14	1
2.259861708	14	1
2.430938	14	1
2.410870552	14	1
2.45414257	14	1
1.373080254	14	0
1.502828121	14	0
1.255562425	14	0
1.362727642	14	0
1.67536068	14	0
1.820029	14	0
1.900045	14	0
1.895961285	14	0
1.575833	12	0
1.570217252	12	0
1.52271	12	0
1.543916	12	0
1.680930734	12	0
1.765961766	12	1
1.745894194	12	1
1.760995507	12	1
1.466943383	12	1
1.434721	12	1
1.392661691	12	0
1.481744885	12	1
1.091682434	12	1
1.447707891	12	0
1.240995169	12	0
1.410911202	12	0
1.168766499	11	1
1.22502625	11	1
1.027527094	11	1
1.378008723	11	1
1.710221	11	1
1.562236309	11	1
1.57681787	11	1
1.537852	11	1
1.199538231	12	0
0.8992493	12	0
1.012073636	12	0
1.193531	12	0
1.295228124	12	0
1.439538836	12	0
0.5823878	12	0
1.326155782	12	0
1.652021766	12	1
1.596134	12	1
1.516630888	12	0
1.625448704	12	1
1.492243886	12	0
1.432757258	12	0
1.465840459	12	0
1.861079	12	1
0.8883838	9	0
1.06919837	9	0
1.380348444	9	0
1.255406499	9	0
1.394864321	9	0
1.273485303	9	0
1.102018118	9	0
1.060782	9	0
1.886376262	13	0
2.048725605	13	0
2.348602	13	0
2.400538683	13	0
2.493476629	13	0
2.515679359	13	0
2.567932367	13	0
2.545114517	13	0
1.948774815	12	0
2.201489	12	0
2.366843462	12	0
2.30971837	12	0
2.119264	12	0
2.501907587	12	0
2.321258307	12	0
2.45414257	12	0
0.5101718	11	0
1.096115351	11	0
1.243191123	11	0
1.307118654	11	0
1.492502809	11	0
1.69290483	11	0
2.027793169	11	0
2.344943285	11	0
0.874741	12	0
1.699294209	12	0
2.042724	12	0
1.970532537	12	0
2.288682222	12	0
1.989663482	12	0
1.954734325	12	0
1.859541655	12	0
2.154514	12	0
1.900459	12	0
2.017406225	12	0
1.184428334	12	0
1.390642524	12	0
2.296205521	12	0
2.321258307	12	0
2.350827456	12	0
2.05594	12	1
2.129052	12	0
2.278132439	12	1
2.053914	12	1
1.866687775	12	1
2.334869146	12	1
2.531663	12	1
2.466854334	12	1
1.82369256	11	0
1.817077279	11	0
1.580850482	11	0
1.737630248	11	0
2.073941	11	0
1.784791827	11	0
1.799961448	11	0
2.176106215	11	0
1.374714613	14	0
1.609438	14	1
1.547402501	14	1
1.591878653	14	1
1.800329447	14	0
1.820029	14	0
1.799961448	14	1
2.362335205	14	0
1.541164517	12	0
1.805605	12	0
1.975682259	12	0
1.791939	12	0
1.855316639	12	0
1.275378108	12	0
1.557581	12	0
1.13464582	12	0
2.691193	12	0
0.4462871	12	0
1.547402501	12	0
1.727121	12	1
1.073019743	12	0
1.770781	12	0
2.030622	12	0
1.907599	12	0
1.137844682	14	0
1.089581728	14	0
2.030118227	14	0
1.044562	14	1
1.129769921	14	0
1.195634365	14	0
1.574935	14	0
1.907198429	14	0
0.4112994	10	0
1.683545828	10	0
1.279445	10	0
1.598119855	10	0
1.232993364	10	1
1.472288132	10	0
1.219801	10	0
1.669188	10	0
1.630321145	14	0
1.593933702	14	0
1.656601787	14	0
1.786034703	14	0
1.603409	14	0
1.678498	14	0
1.851254702	14	0
1.529426	14	0
1.665730238	12	0
2.900422	12	0
1.764315486	12	0
1.339217782	12	0
1.533066	12	0
1.79721427	12	0
1.689168572	12	0
3.312527418	12	1
1.447999597	12	0
1.817077279	12	0
1.755041838	12	0
1.453232169	12	0
1.492420554	12	0
1.053294778	12	0
1.502709866	12	0
1.483784676	12	1
1.516207814	12	0
0.8209805	12	0
1.256050706	12	0
1.109857678	12	0
1.394864321	12	0
1.420649171	12	0
1.977486849	12	0
1.963838696	12	0
0.244026765	12	0
1.000914693	12	0
0.9820344	12	0
1.060433745	12	0
1.024893522	12	0
1.099070907	12	0
1.281428	12	0
1.121921	12	0
1.117426634	12	0
0.7532511	12	0
1.300583124	12	0
1.45369184	12	0
1.50476	12	0
1.485659838	12	0
1.601323843	12	0
1.506669	12	0
1.528042316	12	0
1.632252574	12	0
1.6356951	12	0
1.725410104	12	0
1.509296	12	0
1.490893245	12	0
1.563572645	12	0
1.524606705	12	0
1.599236369	14	0
1.323710918	14	0
1.517035	14	0
1.463785768	14	0
1.55750227	14	0
1.583134294	14	0
1.572749257	14	0
1.607494354	14	0
0.6518986	11	0
0.9135168	11	0
0.653584659	11	0
1.195536256	11	0
1.626085877	11	0
1.819571257	11	0
1.936412573	11	1
2.008278	11	1
1.119495511	11	0
1.260980844	11	0
1.193230748	11	0
1.2038728	11	0
1.399324298	11	0
1.290794	11	0
1.280709863	11	0
1.301463127	11	0
1.562143	12	0
1.468570709	12	0
1.297460794	12	0
1.296784639	12	0
1.450801492	12	0
1.522143126	12	0
1.614381	12	0
1.830967188	12	0
1.339523	12	0
1.486835599	12	0
1.520969272	12	0
1.407396555	12	0
1.324928	12	0
1.387895584	12	0
1.623736501	12	0
1.390474558	12	0
1.093605161	8	0
1.41275239	8	0
1.2354635	8	0
1.299400449	8	0
1.033850908	8	0
1.323134303	8	0
1.550149679	8	0
1.563827395	8	0
1.26407671	10	0
1.339337349	10	0
1.725269675	10	0
1.597813487	10	0
1.698050618	10	0
1.765961766	10	0
2.004764557	10	0
2.036268711	10	0
1.648328424	12	0
1.53533	12	0
1.530608892	12	0
1.830058575	12	0
2.057706	12	0
2.23596549	12	0
2.393579	12	0
2.176931858	12	0
1.288369417	10	0
1.512708306	10	0
1.26599	10	0
1.350716591	10	0
1.474907	10	0
1.482772112	10	0
1.563572645	10	0
1.628365874	10	0
1.412319	9	0
1.984131336	9	0
1.669519663	9	0
1.138881087	9	0
1.474291444	9	0
1.477152824	9	0
2.688983202	9	0
1.368433714	9	1
1.998046	14	0
1.609438	14	0
1.691572309	14	0
1.875496626	14	0
1.778123379	14	0
1.872391224	14	0
1.782618	14	0
1.822239	14	0
1.178510785	11	0
1.427116394	11	1
1.426977515	11	0
1.656075358	11	1
1.879479647	11	0
1.632911325	11	0
1.784046	11	0
1.581482291	11	1
1.845682859	12	0
1.785476685	12	0
2.006314	12	0
1.94939	12	0
2.017014	12	0
1.957905531	12	0
1.983335853	12	0
2.030978	12	0
1.429768085	14	0
1.294197917	14	0
1.585142851	14	0
1.341880083	14	1
1.256319284	14	1
1.180581808	14	0
1.165345192	14	0
1.276145339	14	1
1.676230788	14	0
1.500957251	14	0
1.690503359	14	0
1.669320583	14	0
1.682546377	14	0
1.910543	14	0
1.884245	14	0
2.189983606	14	0
1.712971449	12	0
1.810108662	12	0
1.467359781	12	1
1.740914226	12	1
1.713318	12	1
2.133686543	12	1
2.074398279	12	1
2.112393379	12	1
1.829710603	13	0
1.934860349	13	0
1.863255501	13	0
1.560058594	13	0
1.928679466	13	0
1.981323242	13	0
2.058657408	13	0
2.148761	13	0
1.204925656	11	1
1.018569589	11	0
1.314597	11	0
1.470517874	11	0
1.445478201	11	0
1.708803415	11	0
2.381883	11	0
1.589145184	11	1
1.048965335	11	1
1.278187633	11	1
1.663936377	11	0
1.637117505	11	1
1.844827175	11	1
1.920112491	11	0
2.321258307	11	0
2.074653	11	0
1.302817583	10	1
1.386294365	10	0
1.134215355	10	0
1.843193173	10	0
1.95448	10	0
1.920112491	10	0
1.923575401	10	1
1.907599	10	0
-0.8876855	9	0
1.232143641	9	0
1.349576831	9	0
1.624675632	9	0
1.6297158	9	0
2.34538269	9	0
0.9919415	9	0
1.568544388	9	0
1.268728375	12	0
1.588235736	12	0
1.363681436	12	0
1.457233548	12	0
1.379596829	12	0
1.08099556	12	0
1.379649878	12	0
1.455613852	12	0
1.129545808	11	0
0.9640814	11	0
1.258171201	11	1
1.150046	11	0
1.474907	11	0
1.514647365	11	0
1.280709863	11	0
1.213422	11	0
-1.113822	13	0
1.501592755	13	0
1.175839	13	0
1.491691	13	0
1.864868	13	0
1.764589	13	0
1.813514352	13	0
1.952050686	13	0
0.434651941	12	0
1.77032423	12	0
1.813105702	12	0
1.843193173	12	0
1.854396582	12	0
1.820029	12	0
1.638656139	12	0
1.881587	12	0
1.222404	15	0
2.322003	15	0
1.870033622	15	0
1.124415636	15	0
1.363985	15	0
1.811603	15	0
1.843591809	15	0
1.781983376	15	0
1.85679245	12	0
1.824611306	12	0
1.887069702	12	0
1.928351	12	0
2.088011503	12	0
2.053644	12	0
2.113619	12	0
2.148761	12	0
0.676384	10	0
0.5407809	10	0
0.1950097	10	0
0.382631361	10	0
1.104257345	10	0
1.066374183	10	0
1.202443361	10	0
1.0461905	10	0
0.7742705	10	0
0.289350122	10	0
0.906489	10	0
0.339115739	10	1
1.212542772	10	1
1.502414823	10	1
1.277093172	10	0
-0.191008717	10	1
1.091324568	12	0
0.9202046	12	0
1.061894655	12	0
1.21458447	12	0
1.357124	12	0
0.420655131	12	0
1.268395901	12	0
1.380505323	12	0
1.76134944	13	1
1.91238749	13	0
1.459234357	13	0
1.318136692	13	0
1.306778908	13	0
1.684736371	13	1
1.757560849	13	0
1.534378886	13	0
1.190870404	12	0
1.748939514	12	0
1.894471288	12	0
1.725410104	12	0
1.644806	12	0
1.75164175	12	0
1.773293138	12	0
1.99461031	12	0
1.328731179	9	0
1.595333338	9	0
1.762513876	9	0
1.85214	9	0
1.920578599	9	0
1.966632485	9	0
1.991016626	9	0
1.973556876	9	0
1.258757591	11	0
1.418043	11	1
1.179677725	11	1
1.720813632	11	1
1.450214386	11	1
1.44053936	11	1
1.420471787	11	1
1.706928253	11	1
1.630321145	11	1
1.641973734	11	1
1.64968133	11	1
1.712831259	11	1
1.95448	11	0
1.966632485	11	1
2.16970849	11	0
2.074653	11	1
1.228709579	5	0
1.542746544	5	0
0.820061	5	0
0.652773261	5	0
0.9152912	5	0
1.278431773	5	0
1.259203672	5	0
1.586434	5	0
2.190949678	15	1
2.020018	15	0
1.864072	15	0
1.897260308	15	0
2.001000166	15	0
2.094465733	15	0
2.15135932	15	0
2.148761	15	0
1.471381664	15	0
1.403838634	15	0
1.402902126	15	0
1.893410802	15	0
1.999635577	15	0
2.086433649	15	0
2.15135932	15	0
2.112393379	15	0
1.791285872	15	0
2.005009	15	0
2.083546	15	0
2.188842	15	0
2.226161718	15	0
2.293535233	15	0
2.281570673	15	0
2.494853735	15	0
1.401871	12	1
1.241713166	12	1
1.218898416	12	1
1.437728	12	1
1.271966219	12	1
0.8215002	12	1
1.292638421	12	1
1.253672481	12	1
2.361800432	12	1
1.969398141	12	0
2.11794734	12	1
2.088315487	12	1
2.522297	12	1
1.662939191	12	0
1.918696	12	0
1.503202796	12	1
1.342639089	12	1
1.347073674	12	0
1.467359781	12	0
1.437728	12	1
1.474907	12	1
1.44053936	12	1
1.563572645	12	1
1.649769783	12	1
1.041834235	12	1
1.683545828	12	1
1.467359781	12	1
1.517770767	12	1
1.549015	12	1
1.820029	12	1
1.851254702	12	1
1.861079	12	1
0.9247514	10	0
0.9890447	10	1
0.7742127	10	0
1.049504757	10	0
1.529966831	10	0
1.708803415	10	0
1.727956533	10	0
1.701063156	10	0
1.311359	10	1
1.276543498	10	0
1.862113237	10	0
1.757596731	10	0
1.720071554	10	0
1.765961766	10	0
1.927516699	10	0
1.952050686	10	0
1.860551	13	0
2.04889679	13	0
1.992835	13	0
1.874445677	13	0
1.203502536	13	0
1.619740844	13	0
2.074398279	13	0
1.772866368	13	0
1.192349315	11	1
2.241362333	11	0
2.311621189	11	0
1.816002131	11	1
1.533093214	11	0
1.846897721	11	0
1.977043509	11	0
1.765871644	11	0
1.379506588	8	1
1.779337	8	0
1.223149	8	0
1.255406499	8	0
1.544433117	8	0
1.30109489	8	0
1.563572645	8	0
1.800216198	8	1
2.465829849	15	0
2.541477	15	0
3.085833549	15	0
3.229487419	15	0
2.620471478	15	0
2.691429	15	0
2.606379509	15	0
2.235651731	15	0
1.711406	12	1
1.937419415	12	1
2.026975632	12	1
2.24865818	12	1
2.069253683	12	1
2.279271841	12	1
2.15135932	12	1
2.165307283	12	1
1.349392533	12	0
1.683545828	12	0
1.690503359	12	0
1.762224	12	0
1.772158504	12	0
1.952072501	12	0
1.946565	12	0
1.706928253	12	0
1.918003201	12	0
1.609438	12	1
1.621510506	12	1
1.660871625	12	1
1.682546377	12	0
1.708803415	12	1
1.745894194	12	1
1.760995507	12	1
0.556787133	11	0
1.028315902	11	0
1.008406	11	0
0.9463205	11	1
1.195068121	11	1
1.11078608	11	1
1.224699497	11	0
1.066363335	11	0
1.342639089	6	1
1.389872193	6	0
1.480263233	6	0
1.370134711	6	0
1.118544579	6	0
1.400487	6	0
1.111385822	6	0
1.907599	6	0
1.328155637	12	1
1.347073674	12	1
1.380348444	12	1
1.350716591	12	1
1.43568635	12	1
1.583640218	12	1
1.25341773	12	1
1.589145184	12	1
1.376056	12	0
1.390223622	12	0
1.439328313	12	0
1.604782104	12	0
1.490174532	12	0
1.44053936	12	0
1.222646117	12	0
1.296299	12	0
1.351479769	15	0
1.417183161	15	1
1.599518538	15	0
1.683883	15	0
1.681777477	15	0
1.680153	15	1
1.967356443	15	1
1.934488535	15	1
1.150748	12	1
1.442322135	12	1
0.8907529	12	1
1.150268197	12	0
1.220672846	12	0
0.8875389	12	0
1.409814477	12	1
1.589145184	12	1
1.289394498	11	0
1.408414483	11	0
1.666749239	11	1
2.172938585	11	1
1.892080188	11	1
2.460847378	11	1
2.401301146	11	1
2.404368401	11	1
1.939205408	8	0
1.307421088	8	1
1.420402884	8	0
0.556097	8	0
1.404191494	8	0
1.743489	8	0
1.478365779	8	0
1.462543368	8	0
1.38127923	15	0
1.660277605	15	0
1.828350544	15	0
1.98011148	15	0
2.153966665	15	0
2.090975523	15	0
2.125407	15	0
2.169963	15	0
1.315561414	10	1
1.372543216	10	0
1.482263207	10	0
1.591878653	10	0
1.682546377	10	0
1.414323568	10	1
1.937986374	10	0
2.035432339	10	1
1.339410782	12	0
1.934860349	12	1
1.210930228	12	1
0.9348981	12	1
1.650820613	12	1
1.799449	12	1
1.900045	12	1
1.952050686	12	1
1.407177567	11	1
1.609438	11	1
1.634920239	11	1
1.725410104	11	1
1.880372167	11	0
1.935892	11	1
2.15135932	11	1
1.907599	11	1
1.178336	12	0
1.131652117	12	0
1.172242761	12	1
1.235203743	12	0
1.440804362	12	1
1.419756889	12	1
1.698937178	12	1
1.178565	12	1
1.758373	14	0
1.735064149	14	0
1.827362537	14	0
1.820720315	14	0
2.021791697	14	0
1.976682782	14	0
1.95661521	14	0
2.066069365	14	0
1.416451216	12	0
1.229290605	12	0
1.440792799	12	0
2.405623436	12	0
2.028292179	12	0
1.114162564	12	0
1.495195389	12	0
1.515037179	12	0
1.794139266	11	0
2.937463284	11	0
3.472707	11	0
2.970510244	11	0
3.777492	11	0
4.05186	11	0
3.292909	11	0
3.096304	11	0
0.904074	13	0
1.187443495	13	0
0.8537073	13	1
1.695104718	13	0
1.140349865	13	1
1.035074234	13	0
1.494579792	13	0
1.432799101	13	0
1.745914817	12	1
1.509673357	12	0
1.572720289	12	0
1.230088711	12	0
1.939223409	12	0
2.002110243	12	0
2.03357625	12	0
2.104253531	12	0
2.205955267	15	0
2.07727	15	0
2.343089342	15	0
2.267007351	15	0
2.335847616	15	0
2.359915733	15	0
2.544402	15	0
2.274248	15	0
1.476082563	12	0
2.200802326	12	1
0.9582279	12	0
1.965573668	12	0
1.636951685	12	0
1.6499089	12	0
1.943311453	12	0
2.017083168	12	0
2.222182	12	0
2.244316	12	1
2.160507	12	1
2.210918	12	1
2.343944788	12	1
2.416549444	12	1
2.410870552	12	1
2.357515812	12	1
1.841251731	12	1
1.7525388	12	1
1.815666556	12	1
1.843193173	12	1
1.800329447	12	1
1.765961766	12	0
1.851254702	12	1
1.733726382	12	1
1.396486	15	0
1.583339214	15	0
1.91631	15	0
1.899481773	15	0
2.15708518	15	0
2.207794428	15	0
2.300701857	15	0
2.682278	15	0
2.035786152	12	0
1.906689405	12	0
2.215857	12	0
0.3852569	12	0
1.448721	12	0
1.772392631	12	0
1.364382386	12	0
1.604649425	12	0
1.579027772	12	0
1.624705434	12	0
1.729724	12	0
1.76584363	12	0
1.290984154	12	0
-0.8895563	12	0
1.870672822	12	0
2.089920521	12	0
1.735681653	14	0
1.574070811	14	0
1.441595674	14	0
2.547255754	14	0
2.991472721	14	0
3.011443615	14	0
3.099274635	14	0
3.096661568	14	0
1.694859624	6	1
1.732547641	6	0
1.469596624	6	0
1.591878653	6	0
1.743171	6	0
1.581781	6	0
1.120367169	6	0
1.621685624	6	0
1.587961793	8	1
1.548813343	8	0
1.55053246	8	0
1.394949913	8	0
1.474907	8	0
1.379914761	8	0
1.436220169	8	0
1.658000708	8	0
1.106671572	3	0
1.241713166	3	0
1.419569135	3	0
1.591878653	3	0
1.584907889	3	0
1.514647365	3	0
1.407226563	3	0
1.707802773	3	0
1.238758922	11	0
1.386294365	11	0
1.458991528	11	0
1.350716591	11	0
1.357124	11	0
1.453962445	11	0
1.406287193	11	0
1.352756381	11	0
1.914512753	11	1
1.843052745	11	1
1.715125322	11	1
1.398005486	11	1
1.682546377	11	1
1.871322274	11	1
1.952794194	11	0
2.370432377	11	1
1.447999597	8	0
1.347073674	8	0
1.589627743	8	0
1.644960165	8	0
1.474907	8	0
1.491525	8	0
1.563572645	8	0
1.410776258	8	0
2.238261461	14	0
2.284885406	14	0
2.062142134	14	0
2.269025564	14	0
0.7837149	14	0
3.239679	14	0
2.397604227	14	0
3.221940517	14	0
0.424667031	8	1
1.442383885	8	0
1.433595657	8	0
1.396141887	8	0
1.421181679	8	1
1.384125233	8	1
1.309657454	8	1
0.9716644	8	0
1.950793	12	0
1.915413141	12	0
1.938934565	12	0
2.154828548	12	0
1.179442763	12	0
1.397220492	12	0
1.812192559	12	1
2.072512388	12	1
1.824751854	10	0
1.971228	10	1
2.333062172	10	1
2.24865818	10	1
2.135120392	10	1
2.368724823	10	1
2.34865737	10	1
2.34427	10	0
1.442858219	12	0
1.420811892	12	0
1.690503359	12	0
1.64744854	12	1
1.95448	12	1
1.871322274	12	0
2.005988359	12	1
1.673796177	12	1
1.779356718	12	0
1.699294209	12	0
1.637258887	12	0
1.668251634	12	0
1.682546377	12	0
1.596885443	12	0
1.682178378	12	0
1.834267616	12	1
1.415166378	11	0
1.557002	11	0
2.057612658	11	0
1.351785541	11	0
1.387895584	11	1
1.425922275	11	0
1.520666838	11	0
1.524606705	11	0
1.964307785	12	0
2.030170441	12	1
2.073495626	12	1
2.043863773	12	0
2.088011503	12	1
2.133686543	12	1
2.113619	12	0
1.952050686	12	1
1.027866364	10	0
0.9841682	10	1
1.456472516	10	0
1.333714604	10	0
1.41755569	10	0
1.557207	10	0
1.643181443	10	0
1.950716138	10	0
1.391246796	8	0
1.494304	8	0
1.4407444	8	0
1.400253	8	0
1.474588633	8	0
1.40629065	8	0
1.463255525	8	0
1.567807317	8	0
1.293391109	8	1
1.609438	8	0
1.467359781	8	0
1.547777534	8	0
1.611318827	8	0
1.576951265	8	0
1.706229	8	0
1.706928253	8	0
1.172409534	10	0
0.426944137	10	1
1.510015	10	0
-0.06954938	10	1
1.827728391	10	1
1.79336071	10	1
1.991016626	10	1
1.952050686	10	1
1.351815701	12	0
1.196250796	12	0
0.6411621	12	0
1.116144419	12	0
0.9893992	12	0
1.137353	12	0
1.052747	12	0
1.21445179	12	0
0.9624918	10	0
1.03412962	10	1
0.8542553	10	1
1.091686368	10	1
0.8558678	10	0
0.8215002	10	0
0.934964	10	1
1.013781071	10	0
1.856127739	12	1
2.180611849	12	1
2.426652	12	1
2.372793674	12	1
2.703572512	12	1
2.9219	12	1
2.164912224	12	0
1.886791229	12	0
0.554400265	15	0
1.115961909	15	1
1.31537	15	0
1.259903789	15	0
1.296499372	15	0
-1.155181646	15	0
1.288347602	15	0
1.366001606	15	0
1.198258877	11	0
1.529395223	11	0
1.526783228	11	1
1.497151494	11	1
1.514127731	11	1
1.728221416	11	1
-0.6997917	11	1
1.580634475	11	1
1.194742084	8	0
1.183353543	8	0
1.137697697	8	0
1.367037296	8	0
1.344394	8	0
1.532264	8	0
1.192793131	8	0
1.067848325	8	0
1.638043165	11	0
1.783047557	11	0
1.638513207	11	0
1.770872474	11	0
1.97313118	11	0
2.022145271	11	0
1.923750281	11	0
2.035432339	11	0
0.8091868	11	0
1.263692	11	0
1.354564309	11	0
1.470517874	11	0
1.363681436	11	0
1.819571257	11	0
1.537005663	11	0
1.524606705	11	0
1.227709	12	0
1.167828441	12	0
0.7084505	12	0
0.9615011	12	0
0.6740973	12	0
0.9843019	12	0
0.7273246	12	0
0.7490159	12	0
-0.7648809	12	0
1.649516106	12	0
1.872825	12	0
1.613375	12	0
1.627983	12	0
1.648178697	12	0
1.796819568	12	0
1.676230192	12	0
0.9920741	11	1
0.8982361	11	0
0.9699908	11	0
0.804004252	11	0
1.305523396	11	0
1.476625204	11	1
-0.9812042	11	0
0.7911184	11	0
1.52112186	10	1
1.13498	10	1
1.755041838	10	1
1.786034703	10	1
1.854396582	10	1
1.920112491	10	1
1.946565	10	1
1.952050686	10	1
1.224856	12	0
1.356735587	12	0
1.537357	12	0
1.749195	12	0
1.66767776	12	1
1.495127559	12	0
1.23554945	12	0
0.8233793	12	0
1.700794339	12	0
1.5502491	12	0
1.679744124	12	0
1.786034703	12	0
1.682546377	12	0
1.622861	12	0
1.85579	12	0
1.688990593	12	0
1.615636587	12	0
1.980007648	12	0
1.844273	12	0
1.622107744	12	0
1.801291466	12	0
1.586156487	12	0
1.547530651	12	0
1.54658556	12	0
1.659195542	8	0
1.325931191	8	0
1.5719	8	0
1.437728	8	0
1.515763	8	0
1.43281734	8	0
1.529671	8	0
1.74711	8	0
1.425526738	12	0
1.198307	12	0
1.520725	12	0
1.994583249	12	0
1.709979177	12	0
1.829947	12	0
2.457208633	12	0
1.5695014	12	0
1.007498384	13	1
2.065973282	13	1
2.197990179	13	1
2.297929287	13	1
2.171184	13	1
2.240732	13	1
2.227550268	13	1
2.220964193	13	1
1.531362176	12	0
1.677315354	12	0
1.24087739	12	0
1.482765555	12	0
1.210621476	12	0
1.633858681	12	0
1.756944	12	0
1.861079	12	0
1.244274139	11	0
0.835287	11	0
1.179677725	11	0
1.243674874	11	0
1.67536068	11	0
1.633753419	11	0
1.593885779	11	0
1.537852	11	0
1.297176719	12	1
1.326870918	12	1
1.281030178	12	1
1.342592835	12	1
1.334760427	12	1
1.489141345	12	1
1.760324717	12	1
1.62770319	12	1
1.230645299	13	1
1.326870918	13	1
1.285124779	13	0
1.169464	13	0
1.226642847	13	0
1.273485303	13	0
1.262467623	13	1
1.119141579	13	0
1.266279697	13	0
1.397785902	13	0
1.504920721	13	0
1.517770767	13	0
1.509886742	13	0
1.888038	13	0
1.763633	13	0
1.892331481	13	0
2.058924437	12	0
2.292497	12	0
2.298985481	12	1
2.402047157	12	1
2.390964508	12	1
2.406504	12	1
2.519084215	12	1
2.524854	12	1
1.42942822	12	0
1.442383885	12	0
1.57927382	12	0
1.490573168	12	0
1.788857	12	0
1.602265716	12	0
1.498032451	12	0
2.118713	12	0
0.9816717	11	0
-0.220918849	11	0
1.185463667	11	0
1.396913	11	0
1.307853	11	0
1.652713895	11	0
1.158107519	11	0
0.4595171	11	0
1.241182923	12	1
1.271414	12	1
1.423654437	12	0
1.160250545	12	0
1.228116751	12	0
1.383844	12	0
1.149982095	12	1
1.156881928	12	1
1.047522	12	0
1.123930097	12	1
1.061894655	12	1
0.9269024	12	0
1.050023794	12	1
1.072814584	12	0
1.117285609	12	1
1.119141579	12	0
1.556034	11	0
2.000533	11	0
1.585918903	11	0
1.74036622	11	0
1.866267562	11	0
2.133686543	11	0
2.154777	11	0
1.939657807	11	0
1.451502204	11	0
2.276037216	11	1
2.011175632	11	0
2.227178335	11	1
2.205794573	11	0
2.207794428	11	0
2.187727	11	0
2.074653	11	1
1.812642694	14	1
1.967650175	14	1
2.068939686	14	1
2.210918	14	1
2.343944788	14	1
2.309577227	14	1
2.381883	14	1
2.282292366	14	1
1.829710603	12	0
1.483992	12	0
1.460391164	12	0
1.412410259	12	1
1.074813485	12	0
1.720146	12	0
2.174655	12	0
1.812288761	12	0
1.399805546	9	0
1.391406536	9	0
1.380151272	9	0
1.733837128	9	1
1.556777	9	0
1.764922857	9	0
1.673062563	9	0
1.301855683	9	1
1.57933557	12	0
1.600313	12	0
2.400315	12	0
2.361105204	12	1
2.273077488	12	1
2.443347454	12	1
2.503426	12	1
2.309376478	12	1
1.601883173	11	1
1.429397583	11	0
-1.216737151	11	0
1.1069628	11	0
1.246190786	11	1
1.415846705	11	0
1.668933153	11	0
1.727523446	11	1
-0.07355246	8	0
1.293025851	8	0
1.634414	8	0
1.688525677	8	0
1.618007898	8	0
1.514647365	8	0
1.468529105	8	0
1.706928253	8	0
1.106828809	5	0
1.027746201	5	0
1.262565374	5	0
1.399987698	5	0
1.58957	5	0
1.491832614	5	0
1.373514771	5	0
1.459467411	5	0
1.224856	6	0
1.175223351	6	0
1.596673608	6	0
1.512974501	6	0
1.618007898	6	0
1.514647365	6	0
1.851254702	6	0
1.861079	6	1
2.563853741	15	1
2.530633211	15	1
2.17079258	15	1
2.197422504	15	1
2.454636812	15	1
2.069024	15	1
2.428656	15	0
2.60208869	15	1
1.501065731	12	0
1.403628707	12	0
1.058481693	12	0
1.146991134	12	0
1.171720743	12	0
1.075348139	12	0
1.077325463	12	0
1.09666872	12	0
1.304898739	11	0
1.203972816	11	0
1.285038233	11	0
1.173516393	11	0
1.114524245	11	0
1.140434742	11	0
1.371391296	11	0
2.094187737	11	0
1.090123415	11	0
0.8966924	11	0
0.8024934	11	0
1.684383	11	0
1.164603233	11	0
1.729596	11	0
1.946565	11	1
2.074653	11	1
1.235728383	11	0
0.9976364	11	0
1.450438261	11	0
1.494705439	11	1
1.948553681	11	0
1.894669652	11	0
2.256119	11	0
2.266544	11	0
0.9316944	11	0
0.7915872	11	0
1.31507051	11	0
1.437211871	11	0
1.480092883	11	0
1.678950429	11	0
1.654086709	11	0
1.920502305	11	0
-0.8876855	12	0
1.981076598	12	1
1.966351	12	1
2.489866257	12	0
2.320027	12	0
2.193790436	12	0
2.41388	12	0
2.19198966	12	1
1.32064712	11	0
1.1075809	11	0
1.758895397	11	0
1.304936528	11	0
1.320756316	11	0
1.514647365	11	0
2.113619	11	0
1.5713557	11	0
2.132865191	15	0
2.146395683	15	0
2.368899822	15	0
2.37001133	15	0
2.09027648	15	0
2.439650774	15	0
2.548255444	15	0
2.754728	15	0
2.035786152	12	1
1.877701879	12	1
1.872825	12	0
1.897260308	12	1
1.90569	12	1
1.896015	12	1
2.347233772	12	1
2.278748274	12	1
1.050256491	14	0
1.406853	14	0
0.896606	14	0
2.418557167	14	0
1.849600434	14	0
1.75639236	14	0
1.778470397	14	0
1.966439486	14	0
1.00060153	15	0
1.18510437	15	0
1.507080674	15	0
1.296552	15	0
1.665116787	15	0
1.901211619	15	0
1.820483	15	1
2.021730661	15	1
2.043009	15	1
1.989057422	15	1
1.872825	15	1
1.973246217	15	1
2.023473	15	1
2.24202776	15	1
2.017903	15	1
2.045777	15	0
1.420730591	16	0
1.342875719	16	0
1.416374207	16	0
1.578395367	16	0
1.8858217	16	0
2.037502527	16	0
2.203475237	16	0
2.164509296	16	0
2.075007	12	1
2.111529827	12	1
1.992713571	12	1
2.46581	12	1
2.174323797	12	0
1.705970883	12	0
1.514312506	12	0
1.619707823	12	0
1.119495511	8	0
1.079194188	8	0
0.9125242	8	0
1.032262921	8	0
0.9893992	8	0
1.072814584	8	0
1.052747	8	0
0.9206907	8	0
1.190910816	10	0
1.069446206	10	0
1.230665565	10	0
1.1347785	10	0
1.033850908	10	0
1.010294199	10	0
1.1087749	10	0
1.21157515	10	0
1.782337308	12	0
1.139434338	12	0
1.961316705	12	0
1.188017488	12	0
1.960415	12	0
1.657094121	12	0
1.7951653	12	0
1.527013421	12	0
1.557106376	13	0
1.688150525	13	0
2.160507	13	1
2.237485	13	0
2.566278219	13	0
2.599698	13	0
2.923384	13	0
3.037133217	13	0
0.7028115	12	0
1.391992331	12	1
1.184954762	12	0
0.929984	12	0
0.9260633	12	0
0.08783873	12	0
2.239830256	12	0
1.811519861	12	1
1.650556564	15	0
1.988927484	15	0
2.026975632	15	0
2.053454161	15	0
2.311155	15	0
2.29985261	15	0
2.302330256	15	0
2.342917	15	0
1.871046185	12	0
1.116267204	12	0
1.658858	12	0
1.58676362	12	0
-0.6390869	12	0
1.712603331	12	0
1.830162764	12	0
1.571207523	12	0
1.098562241	13	0
1.740466118	13	0
2.278771	13	0
2.464208841	13	0
2.359945297	13	0
2.504719496	13	0
2.493108511	13	0
2.623219	13	0
1.03912437	13	0
1.351356268	13	0
1.660606265	13	0
1.600138	13	0
1.611243486	13	0
1.685255408	13	0
1.784046	13	0
1.812288761	13	0
1.630321145	15	1
1.771956801	15	0
1.978185415	15	0
1.839354396	15	0
1.944002	15	0
1.889956355	15	0
2.158857822	15	0
2.104958296	15	1
2.245485783	15	0
1.971709	15	0
2.232251	15	0
2.554347515	15	0
2.904641	15	0
2.9661057	15	0
2.990088224	15	0
3.131653547	15	0
2.280908585	11	0
2.040220737	11	1
2.206063509	11	1
2.37712	11	1
2.246419191	11	1
1.94059	11	1
2.256719828	11	1
2.217754	11	1
1.6666888	12	1
1.708582	12	1
1.859402	12	1
1.82113719	12	1
1.910225	12	0
1.874992	12	0
1.922729135	12	0
2.098880291	12	0
0.817683	15	0
0.7727993	15	0
1.169588923	15	0
-0.16476275	15	0
2.570399284	15	0
2.587817	15	0
2.54761219	15	0
2.517528	15	0
1.524960637	12	0
1.609438	12	1
1.619794726	12	0
1.650551796	12	1
1.549015	12	1
1.765961766	12	1
1.745894194	12	1
2.180785418	12	1
1.251218557	11	0
0.361790031	11	0
1.700352	11	1
1.076831222	11	0
1.030221224	11	0
1.003293	11	0
0.8987063	11	0
1.390799	11	0
2.098068	12	0
2.35958457	12	0
2.102528334	12	0
1.947784662	12	0
2.058639526	12	0
2.300416	12	0
0.924035	12	0
2.313545	12	1
1.447999597	12	1
1.498334408	12	1
1.547402501	12	1
-0.7909873	12	1
1.800329447	12	1
1.407924891	12	1
1.539818525	12	0
1.760995507	12	1
1.22276032	11	0
1.171183	11	0
1.233745	11	0
1.204113126	11	0
1.218167543	11	0
1.232509494	11	0
1.304711	11	0
1.368055105	11	1
1.776809	13	0
1.829239	13	0
1.784884453	13	0
1.924314	13	0
2.095733643	13	0
1.939209461	13	0
2.182701826	13	0
2.134204	13	0
2.063185215	12	1
-0.262364268	12	1
2.27829	12	1
2.265977621	12	0
2.002069	12	0
2.550724745	12	1
2.370529413	12	0
2.498910666	12	0
1.918003201	14	0
1.733490586	14	0
1.939563632	14	0
2.17169714	14	0
2.314657688	14	0
2.462753773	14	0
2.628283501	14	0
2.660089493	14	0
1.998972297	12	0
1.650259852	12	0
1.351910472	12	0
1.606406808	12	1
1.849600434	12	1
1.7773242	12	0
1.885799	12	0
2.022467375	12	0
1.538513541	12	0
1.25647676	12	0
1.705794	12	1
1.948553681	12	0
2.369424	12	1
2.564469576	12	1
2.679806471	12	1
2.786848307	12	1
0.8595009	9	0
1.442383885	9	0
1.144840121	9	0
1.514205694	9	0
1.839550138	9	0
1.805182457	9	0
1.557979345	9	0
1.606387	9	0
1.473975	12	0
0.450201	12	0
0.09249415	12	0
1.44545	12	0
0.607719	12	0
0.8458323	12	0
1.039470196	12	1
1.455613852	12	0
1.364618	11	0
1.485029221	11	0
1.736114	11	0
1.750102758	11	0
1.90569	11	0
1.810722709	11	0
2.108424187	11	0
1.748325229	11	0
1.465272	12	0
2.102309704	12	0
1.735993743	12	1
1.2638762	12	0
1.800329447	12	0
1.966632485	12	0
1.785114884	12	0
1.714650273	12	0
-0.236821	13	0
0.271152765	13	0
0.230419964	13	0
1.411161	13	0
1.692521572	13	0
1.485659838	13	0
1.895031214	13	0
1.952050686	13	0
1.224856	11	0
1.442383885	11	0
1.500714	11	0
1.523447	11	0
1.588373	11	0
1.520888448	11	0
1.457437	11	0
1.893691	11	0
1.447999597	12	1
1.609438	12	1
1.547402501	12	1
1.660804868	12	1
1.743171	12	1
1.79336071	12	1
1.851254702	12	1
1.99461031	12	1
1.235905886	10	0
1.13467133	10	0
0.9178749	10	0
1.202103853	10	0
1.518408537	10	0
1.178175092	10	0
1.458212137	10	0
1.393293858	10	0
1.667543888	10	0
1.5839535	10	0
1.740721822	10	0
1.725410104	10	0
1.743171	10	0
1.765961766	10	0
1.745894194	10	0
1.861079	10	0
2.127963543	14	1
1.817077279	14	0
2.160507	14	0
2.108060598	14	0
2.560215235	14	0
2.276787281	14	0
2.459195	14	0
2.387653	14	0
0.1135047	14	0
1.683545828	14	1
1.918966	14	1
1.981343508	14	1
1.48833	14	1
1.475056887	14	1
1.799961448	14	0
2.13074255	14	0
1.630321145	11	0
1.683545828	11	0
1.690503359	11	0
1.897260308	11	0
1.682546377	11	0
2.098595142	11	0
0.5930123	11	1
0.9497234	11	0
0.177886963	8	0
1.324418902	8	0
0.9234912	8	0
1.186345339	8	0
1.060368657	8	0
0.9985167	8	0
2.283518	8	0
1.381505847	8	0
1.630321145	13	0
2.534697294	13	1
2.448189	13	1
2.354018688	13	1
2.241297245	13	1
2.329934359	13	1
2.457390547	13	1
1.966439486	13	0
1.260084748	14	0
1.36431551	14	0
1.547402501	14	0
1.314829826	14	0
1.212542772	14	0
1.178175092	14	0
1.628111124	14	0
1.594286561	14	0
0.5098189	13	0
1.463415	13	0
1.506580472	13	0
1.743986487	13	0
1.95448	13	0
2.011084318	13	0
2.03357625	13	0
2.174848	13	0
2.151168346	12	1
1.869721	12	1
1.53498	12	0
1.160314798	12	0
1.325529575	12	0
1.412456393	12	0
1.628111124	12	0
1.706928253	12	0
1.048965335	11	0
1.112803459	11	0
1.074278712	11	0
1.524040341	11	0
1.267602563	11	0
1.157053471	11	0
0.814336	11	0
1.180607915	11	0
1.213383555	9	0
0.8805727	9	0
1.042966723	9	0
0.8499414	9	1
0.6897017	9	1
0.7622073	9	0
0.9096462	9	0
1.381505847	9	0
1.495731	13	0
1.521960258	13	0
1.452966809	13	0
1.739929199	13	0
1.892584801	13	0
2.205789804	13	0
1.925704122	13	0
2.25992	13	0
1.056437373	11	0
-1.417066	11	0
-0.6700455	11	0
0.7026825	11	0
0.7129337	11	0
0.8200589	11	0
1.068739653	11	0
1.039098859	11	0
1.216968656	9	0
1.053912163	9	0
1.253163099	9	0
1.350716591	9	1
1.352304697	9	1
1.251297355	9	1
1.362524509	9	1
1.18368	9	0
1.093465209	11	1
0.9993327	11	0
1.047210097	11	0
0.451336265	11	0
0.8028132	11	0
0.7065702	11	0
1.074726	11	0
0.6946283	11	0
0.9554163	12	0
1.666008234	12	0
1.019451618	12	0
1.085398197	12	0
0.9502881	12	0
1.387393594	12	0
1.558776498	12	0
1.599297523	12	0
1.739535213	12	0
0.890121	12	0
1.482263207	12	0
1.075938	12	0
1.520969272	12	0
1.603923678	12	0
1.340429	12	0
2.117212534	12	0
1.159187	10	0
1.529395223	10	0
1.467359781	10	0
1.502266526	10	0
1.345707893	10	0
1.407173634	10	0
1.842592716	10	0
2.370103359	10	0
1.165136814	15	0
1.949763775	15	0
1.946097136	15	0
1.987774372	15	0
2.11586833	15	0
2.253914	15	0
2.319288	15	0
2.275608778	15	0
1.59185648	12	1
2.001567	12	1
2.650141716	12	1
2.452459	12	1
2.168054	12	1
2.372097492	12	1
2.085448	12	1
1.982279658	12	1
1.941813827	12	0
1.634755731	12	0
1.6680305	12	0
1.638398767	12	0
1.340994596	12	0
1.191420317	12	0
1.57681787	12	0
1.366001606	12	0
1.265678	6	0
1.711101532	6	0
1.65245533	6	0
1.425712585	6	0
1.478612	6	0
1.578281283	6	0
1.524607539	6	0
1.723996162	6	0
1.818074465	11	0
2.027552128	11	0
2.415343	11	0
2.232077837	11	0
2.542747736	11	0
2.027668476	11	0
2.222818375	11	0
2.238106	11	0
1.428417206	12	0
1.540771842	12	0
1.547686696	12	0
1.361333251	12	0
1.768889	12	0
1.777669668	12	0
1.416758	12	0
1.635019	12	0
1.170362711	10	0
1.496605396	10	0
1.553672	10	0
1.64646244	10	0
1.818678617	10	0
1.754423857	10	0
1.887379408	10	0
1.814773202	10	0
0.014748222	13	1
0.439784348	13	1
1.448783398	13	0
1.255406499	13	0
1.327271	13	0
1.421491146	13	1
1.456839442	13	0
1.381505847	13	0
1.447999597	12	0
1.733490586	12	0
1.872825	12	1
2.043713331	12	0
2.23213315	12	0
2.040030718	12	0
-0.228186816	12	0
2.035432339	12	0
1.640954375	14	0
1.915812135	14	0
2.307313	14	0
2.641700745	14	0
2.652109623	14	0
2.443841457	14	0
2.030237436	14	0
2.282292366	14	0
0.4148759	13	0
1.69423449	13	0
1.621643186	13	0
1.582915545	13	0
1.020155787	13	0
1.333929658	13	0
2.197611332	13	0
2.174311	13	0
0.6679913	10	0
1.243193507	10	0
2.933697	10	1
1.722071171	10	0
1.549015	10	0
2.174508572	10	0
2.074398279	10	0
1.812288761	10	0
1.147183	16	0
1.11436069	16	0
1.208186746	16	0
1.560330391	16	0
1.618007898	16	0
1.871322274	16	0
1.558559	16	0
1.812689424	16	0
1.942335248	12	0
1.560803413	12	0
1.654116	12	0
1.666176796	12	0
1.815708518	12	0
1.976682782	12	1
2.12843585	12	0
2.092671633	12	1
-0.3690777	12	0
1.287354469	12	0
1.820196	12	0
1.471961141	12	0
1.809506	12	0
2.144140244	12	0
1.625266194	12	0
1.665860176	12	0
1.171248913	12	0
0.929536	12	0
0.7469436	12	0
0.998287	12	0
1.394864321	12	0
1.530690432	12	0
1.900045	12	0
1.812288761	12	0
0.9465123	8	0
0.9416085	8	0
1.186673284	8	0
0.8070702	8	0
1.657522678	8	0
1.535766244	8	0
0.5851501	8	0
1.721831679	8	0
1.506268501	10	1
1.285395861	10	0
1.195426106	10	1
1.283577323	10	1
1.441384315	10	1
1.451468468	10	1
1.830256581	10	1
1.945820212	10	0
1.471716	13	0
1.551267266	13	0
1.690503359	13	1
1.843193173	13	1
2.050271273	13	1
1.926047206	13	1
1.981494784	13	1
2.190755	13	1
1.542028546	12	0
1.94591	12	0
1.930791736	12	1
2.064561605	12	1
1.95448	12	1
2.011084318	12	1
2.074398279	12	1
2.217754	12	1
0.8643423	11	0
-0.032789823	11	0
0.4529656	11	0
0.6289368	11	0
0.7409378	11	0
1.178175092	11	0
1.340429	11	0
1.203198791	11	0
0.6257378	14	0
1.171759129	14	0
0.9031591	14	0
1.181936502	14	0
1.148809671	14	0
1.523015618	14	0
1.161203	14	0
1.370456	14	0
1.543309689	12	0
1.446946859	12	0
1.612830281	12	0
1.786034703	12	0
1.770957351	12	0
1.706715226	12	0
1.950579405	12	0
1.89056	12	0
1.427848	12	0
1.620751619	12	0
2.13233614	12	0
1.376500249	12	0
1.970228434	12	0
1.97066474	12	0
1.9157933	12	0
1.99461031	12	0
-0.8153648	12	1
1.820332885	12	1
1.743517399	12	1
1.626404524	12	1
1.682546377	12	1
1.557073236	12	1
1.444366097	12	1
1.199618459	12	0
0.004076093	12	0
2.397895336	12	0
2.318720818	12	0
2.387206793	12	0
2.303329229	12	1
2.231141806	12	0
2.243296862	12	1
2.417904854	12	0
1.667543888	15	0
1.609438	15	0
1.713940263	15	0
1.268715739	15	0
0.8871204	15	0
1.876309872	15	1
1.933906317	15	1
1.97435534	15	1
1.06648767	14	0
1.937310815	14	0
1.696641	14	0
2.016517	14	0
1.176788568	14	0
1.491832614	14	0
1.971968532	14	0
1.87682724	14	0
2.21346736	12	1
2.222542286	12	1
2.201329	12	1
2.17169714	12	1
2.168054	12	1
2.133686543	12	1
2.113619	12	1
2.202486515	12	1
0.9724026	12	0
1.324885726	12	0
0.962707	12	0
0.8452515	12	0
1.929574251	12	0
2.037502527	12	0
1.148220658	12	0
1.306740165	12	0
1.840041637	11	0
2.174751759	11	0
2.122766733	11	0
2.130875	11	0
2.168054	11	0
2.207794428	11	0
2.381883	11	0
2.342917	11	0
1.130545378	9	0
1.311603427	9	0
0.8324816	9	0
1.591878653	9	0
1.212542772	9	1
1.765961766	9	0
1.745894194	9	1
1.46654284	9	1
