ID	AGE	CITY	EDUC	EXPER	EXPERSQ	FAMINC	FATHEDUC	HOURS	HUSAGE	HUSEDUC	HUSHRS	INLF	HUSWAGE	WAGE	UNEM	NWIFEINC	MTR	MOTHEDUC	LWAGE	KIDSLT6	KIDSGE6	REPWAGE
1	32	0	12	14	196	16310	7	1610	34	12	2708	1	4.0288	3.354	5	10.91006	0.7215	12	1.210154	1	0	2.65
2	30	1	12	5	25	21800	7	1656	30	9	2310	1	8.4416	1.3889	11	19.49998	0.6615	7	0.3285121	0	2	2.65
3	35	0	12	15	225	21040	7	1980	40	12	3072	1	3.5807	4.5455	5	12.03991	0.6915	12	1.514138	1	3	4.04
4	34	0	12	6	36	7300	7	456	53	10	1920	1	3.5417	1.0965	5	6.799996	0.7815	7	0.0921233	0	3	3.25
5	31	1	14	7	49	27300	14	1568	32	12	2000	1	10	4.5918	9.5	20.10006	0.6215	12	1.524272	1	2	3.6
6	54	1	12	33	1089	19495	7	2032	57	11	1040	1	6.7106	4.7421	7.5	9.859054	0.6915	14	1.55648	0	0	4.7
7	37	0	16	11	121	21152	7	1440	37	12	2670	1	3.4277	8.3333	5	9.152048	0.6915	14	2.12026	0	2	5.95
8	54	0	12	35	1225	18900	3	1020	53	8	4120	1	2.5485	7.8431	5	10.90004	0.6915	3	2.059634	0	0	9.98
9	48	0	12	24	576	20405	7	1458	52	4	1995	1	4.2206	2.1262	3	17.305	0.7515	7	0.7543364	0	2	0
10	39	0	12	21	441	20425	7	1600	43	12	2100	1	5.7143	4.6875	5	12.925	0.6915	7	1.544899	0	2	4.15
11	33	0	12	15	225	32300	3	1969	34	12	2450	1	9.7959	4.063	5	24.29995	0.5815	12	1.401922	0	1	4.3
12	42	0	11	14	196	28700	7	1960	47	14	2375	1	8	4.5918	5	19.70007	0.6215	14	1.524272	0	1	4.58
13	30	0	12	0	0	15500	16	240	33	16	2830	1	5.3004	2.0833	5	15.00001	0.7215	16	0.7339532	1	2	0
14	43	1	12	14	196	16860	10	997	46	12	3317	1	4.3413	2.2668	7.5	14.6	0.7215	10	0.8183691	0	2	3.5
15	43	1	10	6	36	31431	7	1848	45	17	2024	1	10.87	3.6797	7.5	24.63091	0.5815	7	1.302831	0	1	3.38
16	35	1	11	9	81	19180	10	1224	38	12	1694	1	9.1499	1.3472	7.5	17.53103	0.7215	16	0.2980284	0	3	0
17	43	1	12	20	400	18600	7	1400	45	12	2156	1	6.1224	3.2143	7.5	14.09998	0.6915	10	1.16761	0	2	4
18	39	1	12	6	36	19151	12	640	40	12	2250	1	6.1498	5.175	7.5	15.839	0.7215	12	1.643839	0	5	2.25
19	45	1	12	23	529	18100	7	2000	51	11	2024	1	6.917	2	5	14.1	0.6915	7	0.6931472	0	0	2.3
20	35	0	12	9	81	20300	7	1324	40	10	2123	1	4.7103	7.5529	5	10.29996	0.6915	12	2.021932	0	4	3.94
21	42	0	16	5	25	30419	16	2215	48	16	4160	1	3.131	3.5052	7.5	22.65498	0.6215	10	1.254248	0	2	3.3
22	30	0	12	11	121	14090	10	1680	35	12	2000	1	4	3.5714	3	8.090048	0.7215	12	1.272958	0	0	3.8
23	48	1	13	18	324	22679	3	1600	52	17	2420	1	7.2227	3.25	5	17.479	0.6615	7	1.178655	0	0	3.26
24	45	0	12	15	225	12160	7	800	53	17	1150	1	7.9652	3.25	11	9.56	0.7215	7	1.178655	0	0	2.2
25	31	1	12	4	16	12487	7	1955	31	12	2024	1	4.0884	2.1545	5	8.274953	0.7515	12	0.7675587	1	1	2.3
26	43	1	17	21	441	29850	14	660	43	17	1904	1	14.181	3.7879	9.5	27.34999	0.5815	16	1.331812	0	2	0
27	59	1	12	31	961	18100	7	525	53	16	2448	1	6.5359	4	9.5	16	0.6915	3	1.386294	0	0	3.18
28	32	1	12	9	81	26000	7	1904	33	13	2000	1	8.5	4.7269	11	16.99998	0.6615	3	1.55327	0	3	6.07
29	31	0	17	7	49	26100	12	1516	30	17	2390	1	6.2762	7.2559	5	15.10006	0.6215	12	1.981815	1	0	6
30	42	0	12	7	49	17730	12	346	47	10	1920	1	5.2083	5.8671	9.5	15.69998	0.7215	12	1.76936	0	0	6.39
31	50	1	11	32	1024	6719	7	1040	53	10	1840	1	2.7821	1.5385	7.5	5.11896	0.7515	7	0.4308079	0	0	0
32	59	1	16	11	121	18550	3	732	57	17	3360	1	4.9107	2.459	14	16.75001	0.6915	3	0.8997548	0	0	2.5
33	36	0	13	16	256	24600	10	1880	35	13	2284	1	5.8669	5.8511	7.5	13.59993	0.6615	12	1.76663	0	2	5.2
34	51	1	12	14	196	23100	14	1680	50	8	1875	1	7.52	3.5714	5	17.10005	0.6915	7	1.272958	0	1	3.29
35	45	1	16	27	729	24656	12	2081	47	17	2140	1	7.5449	3.8068	5	16.73405	0.6615	12	1.336789	0	3	4.19
36	42	0	11	0	0	15897	3	690	44	8	1896	1	5.538	2.4638	7.5	14.19698	0.7515	10	0.9017048	0	1	0
37	46	1	12	17	289	20320	3	4210	49	16	1040	1	6.9231	2.3753	11	10.31999	0.6915	3	0.8651237	0	0	4.63
38	46	0	10	28	784	21384	3	2205	52	12	2200	1	5	4.5351	11	11.3841	0.6615	10	1.511847	0	1	4.55
39	51	0	14	24	576	25561	7	1952	58	12	1952	1	7.3064	5.6183	14	14.59408	0.6215	7	1.726029	0	0	5.6
40	30	1	17	11	121	36550	17	1302	30	17	1560	1	11.218	14.631	5	17.50044	0.58	14	2.683142	0	0	9.53
41	30	0	12	1	1	15810	12	112	33	16	4030	1	3.8462	2.6786	3	15.51	0.7215	12	0.9852943	1	2	0
42	57	1	12	14	196	25500	9	893	58	12	2570	1	5.8366	3.9194	7.5	21.99998	0.6215	9	1.365939	0	0	3.5
43	31	1	16	6	36	24000	16	583	34	16	1530	1	13.725	2.5729	9.5	22.5	0.6615	14	0.9450337	1	2	9.98
44	48	0	12	10	100	22172	3	480	48	8	3149	1	6.3493	4.5375	5	19.994	0.6615	3	1.512376	0	2	4.65
45	30	0	12	6	36	17930	7	1900	32	12	2690	1	5.2528	2	5	14.13	0.7215	12	0.6931472	0	3	2.23
46	34	0	12	4	16	7000	7	576	33	12	3096	1	1.3075	3.4722	3	5.000013	0.7815	12	1.244788	0	2	3.84
47	48	1	16	10	100	25300	16	2056	53	16	2552	1	2.7998	2.0161	5	21.1549	0.7215	14	0.7011649	0	2	0
48	45	0	12	22	484	16212	10	1984	47	11	2040	1	2.6961	4.5716	11	7.141946	0.7215	10	1.519863	0	0	4.82
49	51	0	12	16	256	22650	7	2640	50	13	2180	1	7.5688	2.2727	3	16.65007	0.6615	7	0.8209686	0	0	0
50	30	0	12	6	36	6985	7	240	37	12	1864	1	3.4077	2.6375	14	6.352	0.7815	12	0.9698315	0	2	0
51	46	1	12	12	144	30000	7	1173	46	12	2068	1	6.5401	2.2899	11	27.31395	0.6915	7	0.8285082	0	1	2.5
52	58	1	12	32	1024	18500	3	3640	58	12	2010	1	7.2139	1.0989	9.5	14.5	0.6915	7	0.0943096	0	0	0
53	37	0	12	15	225	16658	7	340	40	10	2152	1	6.2732	1.1765	5	16.25799	0.7515	12	0.1625439	0	8	0
54	52	1	8	17	289	10300	7	500	54	11	1496	1	5.8824	1.6	5	9.5	0.7515	7	0.4700036	0	0	0
55	52	0	10	34	1156	11000	3	1599	47	4	2100	1	3.8095	1.8762	7.5	7.999956	0.7515	7	0.6292484	0	0	2.8
56	31	1	16	9	81	19900	12	1830	35	14	1960	1	6.3776	4.0437	7.5	12.50003	0.6915	12	1.39716	0	0	4.2
57	55	1	14	37	1369	32500	7	1920	55	15	1985	1	6.0453	9.6354	14	14.00003	0.64	7	2.265444	0	0	8.75
58	34	1	17	10	100	37300	17	2052	33	17	2020	1	8.8119	8.0409	7.5	20.80007	0.58	17	2.084541	0	0	8.25
59	55	1	14	35	1225	30018	7	2312	56	16	2178	1	8.8765	4.599	11	19.38511	0.5815	17	1.525839	0	0	5.58
60	39	1	12	6	36	12807	7	196	39	12	3684	1	3.342	2.1429	14	12.38699	0.7515	12	0.7621601	0	2	2.5
61	40	0	14	19	361	39500	3	2500	42	13	5010	1	3.1836	4.4	7.5	28.5	0.5515	14	1.481605	0	3	5.5
62	43	1	12	10	100	22050	12	1980	47	12	1880	1	6.9149	3.5354	9.5	15.04991	0.6915	12	1.262826	0	4	3.75
63	48	1	8	11	121	15500	7	1840	56	8	1904	1	5.5147	2.7174	14	10.49998	0.7215	7	0.9996756	0	0	4.8
64	47	1	12	15	225	13810	7	320	47	12	2083	1	5.2808	6.25	9.5	11.81	0.7215	7	1.832582	0	0	6.25
65	41	1	12	12	144	11950	7	419	44	12	2125	1	3.2	11.933	5	6.950073	0.7515	7	2.479308	0	4	6.3
66	36	0	8	12	144	19175	12	1880	37	12	1985	1	5.8791	3.5931	7.5	12.41997	0.6915	12	1.279015	0	0	3.75
67	46	0	17	14	196	17900	16	72	48	17	2640	1	6.25	6.9444	7.5	17.4	0.6915	12	1.937936	0	2	0
68	34	1	12	11	121	15850	7	120	51	8	2070	1	7.4879	2.9167	5	15.5	0.7215	12	1.070453	0	0	0
69	41	1	12	9	81	27017	7	1885	48	8	2107	1	6.9767	3.0769	5	21.21704	0.6915	7	1.123923	0	3	2.9
70	51	0	12	24	576	18900	7	240	54	10	2250	1	8	3.75	5	18	0.6915	12	1.321756	0	1	0
71	33	1	12	12	144	21800	12	1729	34	16	2880	1	4.1319	5.7259	7.5	11.89992	0.6915	12	1.745	0	0	4.76
72	52	1	12	13	169	33552	10	1850	53	12	1848	1	14.476	3.6757	7.5	26.75196	0.5515	10	1.301744	0	0	3.4
73	58	1	9	29	841	22650	9	2033	53	7	1927	1	5.7343	5.1648	7.5	12.14996	0.6615	7	1.641866	0	0	4.32
74	34	1	10	11	121	15200	0	608	38	9	1304	1	3.3742	8.2237	7.5	10.19999	0.7915	0	2.10702	2	4	3
75	31	1	12	13	169	13120	10	1153	35	12	3000	1	1.8333	4.3365	7.5	8.120015	0.7215	7	1.467068	0	1	4.52
76	48	1	12	19	361	21660	14	2208	52	12	1892	1	5.6025	4.9819	5	10.65996	0.6615	12	1.605811	0	1	5.31
77	32	0	12	2	4	18190	7	252	32	12	3644	1	4.2975	0.3571	3	18.10001	0.7215	7	-1.029739	0	2	0
78	49	1	17	24	576	9600	3	337	47	17	1430	1	3.9161	2.9674	14	8.599986	0.7515	3	1.087686	0	0	0
79	32	1	15	9	81	13755	12	90	31	14	2350	1	4.8787	1	7.5	13.665	0.7515	10	0	2	2	0
80	58	1	12	6	36	35350	12	1174	59	16	1948	1	9.2402	2.5554	7.5	32.34996	0.6615	7	0.9382087	0	0	4.87
81	50	1	6	22	484	12405	7	372	42	12	1804	1	6.6519	0.8602	7.5	12.08501	0.7215	12	-0.1505904	0	0	2.25
82	60	0	14	30	900	12180	17	30	51	12	2326	1	4.6217	1	9.5	12.15	0.7515	12	0	0	0	0
83	50	1	12	10	100	22962	3	1800	55	11	1739	1	9.9741	2.9261	7.5	17.69502	0.6615	7	1.073671	0	1	0
84	56	1	14	6	36	25700	7	282	57	17	1176	1	20.918	3.5461	9.5	24.7	0.6215	7	1.265848	0	0	2.5
85	51	0	9	29	841	3305	7	720	55	8	1100	1	1.94	1.6264	3	2.133992	0.7915	7	0.486369	0	0	2.2
86	54	1	17	29	841	32950	12	1440	58	17	1528	1	8.8351	8.3333	5	20.95005	0.5815	7	2.12026	0	1	6
87	59	1	13	36	1296	17000	7	2100	52	15	2250	1	4.6667	3.0952	5	10.50008	0.6915	7	1.129853	0	0	2.95
88	46	1	9	19	361	13250	7	1000	47	10	1927	1	5.1894	2.7	5	10.55	0.7515	7	0.9932518	0	2	2.35
89	46	1	15	8	64	50750	12	952	47	16	2414	1	18.724	5.2521	5	45.75	0.4415	7	1.658628	0	1	0
90	39	0	12	13	169	15632	10	1413	49	8	768	1	10.417	1.4154	14	13.63204	0.7715	10	0.3474122	1	3	2.2
91	44	1	12	16	256	28316	0	2100	43	14	1984	1	8.8458	4.7986	11	18.23894	0.6215	7	1.568324	0	2	4.85
92	33	1	12	11	121	17290	12	120	36	12	2246	1	7.569	1.6667	9.5	17.09	0.7215	12	0.5108456	2	0	2.37
93	33	1	12	15	225	33600	10	3000	30	17	3024	1	4.4507	1.1217	7.5	30.2349	0.6215	10	0.1148454	1	2	0
94	48	1	12	6	36	29200	7	1000	52	12	2921	1	9.3204	0.5	9	28.7	0.6215	12	-0.6931472	0	2	0
95	31	0	12	13	169	19870	7	336	37	17	2045	1	9.1687	0.7143	11	19.63	0.6915	7	-0.3364523	0	4	0
96	45	0	12	22	484	16225	7	1216	44	12	1928	1	6.4834	2.7961	11	12.82494	0.7215	7	1.028226	0	1	2.9
97	45	1	12	24	576	28600	3	988	44	10	1920	1	7.8125	4.8583	5	23.8	0.6915	7	1.580689	0	1	4.5
98	32	1	13	2	4	30800	12	2581	37	17	2280	1	11.404	1.7435	7.5	26.30003	0.5815	14	0.5558946	0	2	2.6
99	47	0	12	6	36	25700	7	2030	47	17	2300	1	5.087	2.4631	3	20.69991	0.6915	7	0.9014207	0	0	2.8
100	34	0	13	2	4	27000	12	413	35	13	2480	1	6.9758	2.4213	3	26	0.6215	12	0.8843046	0	2	3
101	37	1	12	2	4	12077	7	782	34	10	1135	1	5.2863	1.5345	9.5	10.87702	0.7715	12	0.4282046	0	1	2.3
102	36	0	12	14	196	29612	7	1388	39	12	1384	1	11.562	2.8818	11	25.61206	0.6615	7	1.058415	0	1	1.87
103	47	1	12	9	81	24479	10	1450	50	14	1848	1	8.6061	2.4069	9.5	20.98899	0.6915	7	0.8783396	1	2	3
104	48	1	16	11	121	79750	14	1720	46	17	2499	1	12.805	5.2326	7.5	70.74993	0.4415	14	1.654908	0	1	4.68
105	42	0	12	9	81	20050	7	800	43	12	2390	1	6.6946	3.75	11	17.05	0.6915	12	1.321756	0	2	2.5
106	33	1	13	6	36	21500	12	360	44	14	2400	1	8.3333	1.3889	11	21	0.6915	10	0.3285121	0	3	0
107	46	0	11	19	361	16120	7	2000	53	8	1920	1	4.1667	4	5	8.12	0.6915	7	1.386294	0	0	4.61
108	47	0	12	26	676	24686	7	1176	48	13	2301	1	5.4759	3.2313	9.5	20.88599	0.7215	7	1.172885	0	3	3.35
109	44	1	12	19	361	24669	10	2058	43	10	1944	1	5.144	3.4014	9.5	17.66892	0.6915	7	1.224187	0	1	3.8
110	36	1	12	3	9	26400	7	900	37	17	2100	1	11.667	1.3333	7.5	25.20003	0.6615	7	0.2876571	0	4	2.2
111	31	1	17	7	49	16245	12	215	32	16	1920	1	7.2917	9.3023	7.5	14.24501	0.7215	12	2.230262	2	0	9.98
112	55	1	14	28	784	23300	7	2000	55	14	2880	1	4.8611	4.5	9.5	14.3	0.6615	7	1.504077	0	0	4.37
113	45	1	16	13	169	27200	7	757	48	16	1932	1	12.164	4.6235	9.5	23.70001	0.6215	12	1.531152	0	1	4.5
114	47	1	17	9	81	51000	17	1264	48	17	3234	1	10.823	3.9557	9.5	46	0.4615	10	1.375158	0	0	0
115	46	1	12	15	225	55000	7	2064	47	12	2805	1	12.478	5.814	14	42.9999	0.4615	10	1.760269	0	3	6
116	49	1	11	20	400	15389	7	1280	52	9	2272	1	6.162	0.5	7.5	14.749	0.7215	7	-0.6931472	0	0	0
117	49	1	12	29	841	23150	7	1715	52	14	2227	1	7.1846	4.0816	9.5	16.15005	0.6615	7	1.406489	0	0	3.75
118	45	1	12	9	81	29774	10	2000	49	6	1720	1	7.093	6	14	17.774	0.6215	7	1.791759	0	2	4.95
119	38	1	17	1	1	91044	10	12	38	13	2300	1	17.826	3.6667	14	91	0.4415	12	1.299292	1	3	0
120	47	1	10	8	64	28200	12	1528	50	12	3410	1	6.393	3.8613	14	22.29993	0.5815	7	1.351004	0	0	2.95
121	54	1	13	19	361	36150	7	561	57	16	2304	1	11.719	2.7629	9.5	34.60001	0.5515	7	1.016281	0	3	2.53
122	41	0	11	23	529	15652	12	2058	42	12	1984	1	4.7883	2.931	7.5	9.620002	0.7215	12	1.075344	0	0	2.9
123	43	0	12	3	9	18900	7	1823	33	14	1890	1	4.2328	4.3884	11	10.89995	0.7515	14	1.478965	0	2	4.2
124	31	0	16	13	169	23600	10	1680	32	12	1970	1	7.1066	5.4167	7.5	14.49994	0.6615	12	1.689487	1	1	4.7
125	47	1	17	8	64	36200	7	1440	46	12	2400	1	8.3333	9.8611	7.5	22.00002	0.61	7	2.288598	0	0	7.1
126	35	0	12	17	289	18700	10	4950	37	12	2504	1	6.9888	0.1616	7.5	17.90008	0.6915	10	-1.822631	0	2	2.75
127	45	1	16	4	16	24125	7	1176	48	17	2398	1	9.5913	0.3826	11	23.67506	0.6615	7	-0.9607652	0	3	3.75
128	33	0	12	15	225	15800	7	1100	39	12	1960	1	6.0204	3.6364	7.5	11.79996	0.7215	7	1.290994	1	0	3.58
129	54	0	16	11	121	19742	7	1516	55	12	2550	1	2.9686	2.3747	3	16.14195	0.7215	12	0.8648711	0	1	2.4
130	35	0	8	7	49	22600	7	900	41	12	2500	1	7	4.6667	9.5	18.39997	0.6915	10	1.540452	0	4	3.95
131	31	0	12	0	0	17500	7	1080	37	10	2164	1	7.1627	1.8519	7.5	15.49995	0.7215	7	0.6162121	1	2	2.25
132	55	0	12	0	0	19820	7	480	60	12	2640	1	4.7364	5.2	7.5	17.324	0.6915	7	1.648659	0	0	0
133	34	1	12	10	100	20155	16	288	36	12	1936	1	8.781	3.2986	11	19.205	0.6915	12	1.193498	0	2	4.62
134	38	1	13	8	64	37300	12	1875	41	12	2136	1	9.8315	8.5333	7.5	21.30006	0.58	10	2.143976	0	1	8.5
135	45	1	11	2	4	24860	7	630	51	10	1955	1	6.6496	2.0635	7.5	23.56	0.7215	7	0.7244036	0	1	0
136	47	1	12	4	16	21450	3	234	48	10	1980	1	9.8485	2.5641	7.5	20.85	0.6615	12	0.9416075	0	1	2.5
137	39	1	12	6	36	29650	7	1600	42	11	2550	1	9.8039	2.1875	5	26.15	0.6215	7	0.7827594	0	2	0
138	36	1	14	18	324	23000	7	960	37	13	2058	1	8.2604	6.25	11	17	0.6615	7	1.832582	1	0	0
139	33	1	12	3	9	21120	7	120	32	14	2263	1	9.0676	3.3333	9	20.72	0.6915	7	1.203963	1	2	0
140	50	1	12	22	484	26000	12	2025	54	13	1763	1	8.5082	4.4444	5	17.00009	0.6215	7	1.491645	0	0	4.8
141	58	1	12	33	1089	28000	7	1809	59	14	2096	1	7.1565	6.6335	7.5	16	0.6215	3	1.892133	0	0	6.45
142	49	1	17	28	784	45500	12	3087	47	13	2059	1	7.0423	8.4224	11	19.50005	0.52	12	2.130895	0	0	9.98
143	41	1	14	23	529	16000	12	910	40	17	1820	1	6.5934	4.3956	14	12	0.7215	16	1.480604	0	2	0
144	51	0	12	27	729	18232	14	1840	53	8	2832	1	4.3457	2.4457	11	13.73191	0.6915	7	0.8943313	0	1	2.5
145	53	1	9	11	121	28160	7	784	60	10	1990	1	7.2362	1.2245	14	27.19999	0.7215	3	0.2025325	0	0	2.25
146	36	1	12	6	36	5965	7	400	40	7	2000	1	1.74	1.625	11	5.315	0.8015	12	0.4855078	1	2	0
147	46	1	12	11	121	19000	7	1000	46	12	1885	1	6.8966	3	9.5	16	0.7215	7	1.098612	0	2	5.5
148	36	1	12	14	196	36872	12	1904	37	12	2860	1	5.0455	4.7269	11	27.87198	0.5515	12	1.55327	0	2	4.2
149	53	1	14	17	289	42000	12	1771	48	16	1913	1	17.25	1.1293	14	40.00001	0.4915	12	0.121598	0	1	9.98
150	40	1	16	17	289	26900	14	1486	54	16	1800	1	8.3333	7.4024	11	15.90003	0.6215	16	2.001804	0	3	6.25
151	42	0	17	14	196	30800	10	740	45	16	2880	1	9.375	4.4595	9	27.49997	0.5815	12	1.495037	0	2	1.65
152	33	1	15	11	121	21520	12	1820	32	16	1993	1	8.279	2.4725	11	17.02005	0.6915	12	0.9052298	1	1	0
153	43	1	12	7	49	24795	7	1275	47	14	2250	1	4.5	1.8824	7.5	22.39494	0.6915	7	0.6325476	0	3	3
154	31	1	16	8	64	12900	16	450	30	16	2286	1	4.1995	4	14	11.1	0.7215	14	1.386294	1	0	4
155	47	1	17	6	36	42700	7	1221	47	16	1880	1	16.064	8.19	7.5	32.70001	0.4915	7	2.102914	0	0	5.99
156	54	1	17	8	64	38800	17	1550	58	17	2350	1	11.277	7.0968	11	27.79996	0.5215	10	1.959644	0	0	6
157	33	0	12	4	16	2500	3	180	33	11	3640	1	0.5494	1.6667	3	2.199994	0.9415	7	0.5108456	1	3	0
158	43	1	16	25	625	26921	10	2090	47	14	1770	1	9.548	3.445	11	19.72095	0.6215	14	1.236924	0	0	3.85
159	46	0	13	24	576	18300	9	1960	49	13	1875	1	5.3333	4.2347	3	9.999988	0.6915	7	1.443313	0	1	4.2
160	35	1	12	11	121	17200	7	1440	38	9	2200	1	5.4545	2.7778	14	13.19997	0.7215	7	1.021659	0	3	4.1
161	37	1	11	19	361	14209	3	794	39	12	2033	1	5.9026	1.8892	9.5	12.70897	0.7515	12	0.6361535	0	3	3.85
162	37	1	16	9	81	32300	16	993	39	17	2739	1	9.8576	5.0352	14	27.30005	0.5815	12	1.616453	0	2	8.3
163	34	1	14	19	361	21400	12	160	38	14	1626	1	11.685	1.25	7.5	21.2	0.7215	17	0.2231435	0	3	0
164	43	0	16	14	196	14700	7	105	44	17	2248	1	6.2278	2.8571	9.5	14.4	0.7215	7	1.049807	1	0	0
165	46	1	12	22	484	25516	7	1200	48	12	2140	1	9.1748	4.1167	9.5	20.57596	0.6215	7	1.415052	0	0	4.33
166	35	1	9	6	36	13300	7	450	42	12	1985	1	6.2972	1.7778	5	12.49999	0.7515	3	0.5753766	0	3	2.6
167	46	1	17	23	529	31000	12	996	59	17	1528	1	10.471	13.554	9.5	17.50022	0.5815	12	2.606682	0	0	9.98
168	46	1	14	15	225	48800	3	1052	48	16	1920	1	14.583	4.5627	11	44.00004	0.4915	7	1.517915	0	0	4.9
169	43	1	12	6	36	15519	7	1128	46	10	1918	1	6.2143	2.1277	14	13.11895	0.7215	7	0.7550416	0	2	2.4
170	30	0	12	11	121	19500	7	1840	30	12	2112	1	6.6288	2.9891	7.5	14.00006	0.6915	7	1.094972	0	0	3.75
171	41	0	11	2	4	14545	7	1910	46	9	2144	1	3.8246	2.5654	5	9.645086	0.7215	3	0.9421144	0	2	2.57
172	54	1	12	22	484	22897	7	980	54	15	1920	1	7.8125	5.6122	14	17.39705	0.6915	7	1.724943	0	1	5
173	31	1	12	10	100	14300	10	2317	41	9	2241	1	3.4806	2.8054	7.5	7.799889	0.7215	10	1.031546	0	1	3.87
174	44	1	10	14	196	14884	10	1089	47	11	880	1	5.55	1.607	9.5	13.13398	0.7515	10	0.4743691	0	0	0
175	32	1	12	12	144	27400	7	800	31	16	2070	1	11.594	2.25	11	25.6	0.6215	12	0.8109302	0	1	0
176	47	1	5	9	81	16400	12	1230	53	5	1050	1	9.5238	2.0325	14	13.90003	0.7215	7	0.7092666	0	0	2.82
177	46	0	17	13	169	25704	17	1158	57	17	2635	1	7.2805	5.532	7.5	19.29794	0.6215	14	1.710549	0	1	8.1
178	37	0	11	18	324	12800	10	2272	47	8	3000	1	3	1.5845	7.5	9.200016	0.7215	10	0.4602689	0	0	3.71
179	51	0	12	8	64	40000	7	528	50	11	2500	1	10.4	3.7879	7.5	37.99999	0.6215	7	1.331812	0	2	0
180	49	1	12	11	121	47000	7	1000	49	12	1990	1	10.05	3	14	44	0.6615	7	1.098612	0	1	0
181	36	1	14	9	81	25872	12	520	37	13	2390	1	8.7866	8.6538	9.5	21.37202	0.6615	10	2.157999	0	4	0
182	39	1	11	9	81	26868	7	760	44	12	1430	1	10.14	4.2105	9.5	23.66802	0.6915	12	1.437581	0	1	3.95
183	48	1	12	14	196	18000	12	1920	50	8	1800	1	5	4.6875	9.5	9	0.6915	12	1.544899	0	2	4.3
184	38	1	14	9	81	30200	7	1220	43	17	2103	1	11.888	4.0984	5	25.19995	0.5815	7	1.410597	0	2	4.84
185	40	1	12	2	4	26220	7	200	42	12	1350	1	13.333	25	7.5	21.22	0.6615	7	3.218876	0	2	3
186	39	0	10	12	144	40500	7	2480	36	17	2880	1	8.6806	2.6331	3	33.96991	0.5815	7	0.9681619	1	5	4.2
187	37	1	16	15	225	33570	7	2750	43	17	2400	1	7.2917	6	7.5	17.07	0.61	12	1.791759	0	0	9
188	49	1	13	11	121	16917	14	2014	47	12	1135	1	3.5242	5.4126	14	6.016024	0.7215	7	1.68873	0	1	4.05
189	33	0	12	7	49	18000	7	1355	35	17	2750	1	6.1818	0.6642	9.5	17.10001	0.7215	12	-0.409172	0	3	1
190	30	1	12	9	81	8337	12	80	32	16	2085	1	2.9755	1.25	11	8.237	0.7515	12	0.2231435	0	0	0
191	54	0	12	19	361	17100	7	1670	56	8	2600	1	4.5769	2.2754	9.5	13.30008	0.7215	12	0.8221558	0	0	2.1
192	39	0	11	11	121	17800	7	520	40	12	3542	1	3.1056	3.4615	11	16.00002	0.7515	10	1.241702	0	4	3.05
193	43	1	12	8	64	13740	12	288	43	12	1975	1	5.8228	4.1667	14	12.53999	0.7515	12	1.427124	0	3	3
194	31	1	9	13	169	27000	3	2014	32	12	2400	1	7.5	4.4687	9.5	18.00004	0.6215	10	1.497097	0	3	4.26
195	33	1	13	4	16	32600	7	800	37	14	3000	1	8.3333	1.75	7.5	31.2	0.6215	12	0.5596158	0	3	0
196	40	1	12	7	49	28030	12	1984	39	14	1960	1	9.2347	3.6694	14	20.74991	0.6615	12	1.300028	0	3	4.25
197	36	0	12	19	361	23100	12	1823	39	9	2000	1	5.5	6.5826	3	11.09992	0.6615	12	1.88443	0	1	6
198	51	1	12	14	196	24580	7	1500	51	12	3000	1	6	2.6	9.5	20.68	0.6615	7	0.9555114	0	0	2
199	44	1	13	14	196	29000	7	2261	43	12	2400	1	6.6667	4.8651	9.5	18.00001	0.6215	12	1.582087	0	1	5.5
200	42	1	16	3	9	42430	14	1728	48	14	2450	1	13.061	5.787	9.5	32.43007	0.5215	12	1.755614	0	3	6.25
201	40	1	12	9	81	41800	12	1960	40	8	2423	1	12.794	4.5408	7.5	32.90003	0.5215	12	1.513103	0	1	5
202	34	1	16	7	49	39100	17	1578	33	16	2000	1	12	9.5057	9.5	24.10001	0.58	12	2.251892	1	1	7.72
203	30	1	17	7	49	31800	17	1316	41	16	2526	1	6.73	10.638	11	17.80039	0.5815	16	2.364432	0	0	7
204	54	0	12	14	196	22200	7	1530	53	12	2695	1	6.679	1.1111	14	20.50002	0.6915	7	0.1053505	0	0	1.13
205	51	0	12	29	841	19500	7	2220	54	12	2048	1	4.3945	4.0541	3	10.4999	0.6915	16	1.399729	0	0	4.37
206	44	0	9	19	361	14027	10	1336	46	11	1920	1	4.6875	2.6871	11	10.43703	0.7515	7	0.9884625	0	2	2.64
207	43	1	12	14	196	21195	7	1008	42	9	2338	1	7.6989	2.9762	11	18.19499	0.6615	7	1.090647	0	1	2.5
208	34	0	12	16	256	19013	7	1944	37	8	2945	1	4.3287	3.1728	7.5	12.84508	0.6915	10	1.154614	0	1	3.23
209	45	1	13	10	100	20900	7	2000	52	12	2047	1	6.7416	3.55	11	13.8	0.6615	12	1.266948	0	0	3.45
210	39	0	12	12	144	26820	3	258	47	7	1668	1	9.3525	17.907	11	22.2	0.6215	10	2.885192	0	0	0
211	50	1	12	24	576	12800	0	1785	48	10	175	1	9.1429	3.4174	14	6.699941	0.7515	0	1.22888	0	0	5.75
212	52	0	12	6	36	7850	7	480	53	12	1798	1	2.6418	3.3333	14	6.250016	0.7515	7	1.203963	0	0	0
213	41	1	12	9	81	18600	12	772	45	12	1222	1	7.365	3.886	7.5	15.60001	0.7215	12	1.35738	0	2	7.5
214	59	0	10	14	196	5380	7	900	59	7	1820	1	1.4066	2.3111	5	3.30001	0.7715	12	0.8377236	0	0	2.22
215	52	0	12	26	676	6114	7	1428	60	8	1560	1	1.5192	1.7108	14	3.670978	0.7715	10	0.5369611	0	0	2.5
216	46	0	16	7	49	8234	12	210	49	12	2210	1	3.3439	2.1143	14	7.789997	0.7515	12	0.7487238	0	0	4
217	41	1	12	4	16	20646	7	239	48	16	2874	1	2.9106	9.9331	11	18.27199	0.7215	3	2.295873	1	5	4.5
218	33	0	11	15	225	16640	7	1878	35	8	2499	1	4.3834	3.0277	9.5	10.95398	0.7215	7	1.107803	0	2	3.5
219	45	1	12	23	529	13900	12	215	38	12	3088	1	4.2098	1.8605	5	13.49999	0.7215	12	0.6208453	0	0	2.3
220	36	0	10	1	1	11500	7	2340	37	8	2020	1	3.7129	0.1282	7.5	11.20001	0.7815	10	-2.054164	1	2	0
221	48	1	12	29	841	34000	7	1960	56	10	1980	1	10.606	6.6327	14	20.99991	0.5515	7	1.892012	0	1	6.3
222	47	1	12	9	81	28700	3	532	47	11	1968	1	8.6382	5.6391	11	25.7	0.6615	7	1.729725	0	1	3.6
223	45	0	12	6	36	9563	7	394	45	12	2100	1	3.8367	1.599	7.5	8.932994	0.7515	7	0.4693784	0	0	2.5
224	37	0	12	11	121	20960	7	675	48	17	2651	1	7.1671	2.6667	7.5	19.15998	0.6915	7	0.9808417	0	2	3
225	46	1	16	17	289	38590	10	1515	49	14	1918	1	8.8634	7.9208	14	26.58999	0.6215	12	2.069492	0	4	6.8
226	43	1	17	6	36	27900	12	1030	46	16	2585	1	7.7369	5.3398	5	22.40001	0.6615	12	1.675188	0	3	5.8
227	42	1	12	7	49	25633	7	1250	46	17	2250	1	9.1702	4	7.5	20.633	0.6215	7	1.386294	0	2	4
228	34	1	17	2	4	35200	12	1158	39	17	2480	1	11.29	6.0449	7.5	28.20001	0.5515	12	1.799215	1	2	5.1
229	52	1	12	24	576	29500	7	112	53	12	2924	1	6.3269	6.25	7.5	28.8	0.5815	7	1.832582	0	0	0
230	37	0	12	4	16	10000	7	336	52	9	1896	1	4.7468	2.9762	7.5	8.999997	0.7515	10	1.090647	0	3	2.2
231	37	0	12	11	121	19800	7	1984	40	12	2332	1	4.8885	4.2339	5	11.39994	0.6915	10	1.443124	0	1	4.78
232	52	0	8	25	625	12900	7	716	59	7	3482	1	2.4842	3.4916	5	10.40001	0.7215	7	1.25036	0	0	2.2
233	30	0	12	11	121	26080	12	1410	30	14	2106	1	8.547	4.9645	7.5	19.08006	0.6215	12	1.602313	1	0	1.28
234	31	1	13	2	4	13066	7	1300	32	12	1160	1	6.6379	2.7692	11	9.46604	0.7515	17	1.018559	0	1	0
235	38	0	12	19	361	12500	7	1640	46	12	2040	1	3.1863	3.6585	7.5	6.50006	0.7215	7	1.297053	0	1	3.25
236	43	1	12	7	49	35600	7	1202	48	16	2856	1	4.5466	5.3935	9	29.11701	0.5815	7	1.685194	0	3	0
237	49	1	8	2	4	19424	7	489	51	8	950	1	12.789	0.6564	5	19.10302	0.7515	7	-0.4209849	0	1	2.29
238	55	1	12	20	400	26250	7	2076	58	10	2068	1	6.528	4.7688	5	16.34997	0.6615	7	1.562095	0	0	4.68
239	38	1	17	10	100	36525	14	526	42	17	1896	1	16.403	8.5551	9.5	32.02502	0.5515	12	2.146528	0	2	4.2
240	52	1	17	19	361	34700	17	1721	56	16	2000	1	7	10.459	14	16.70006	0.61	14	2.347463	0	0	9.5
241	48	1	12	17	289	8311	7	1327	51	11	288	1	13.542	2.6375	11	4.811038	0.7515	7	0.9698315	0	0	2.57
242	32	1	13	12	144	28626	10	584	33	12	2160	1	6.713	6.8493	11	24.62601	0.6915	12	1.924146	0	2	4.32
243	32	1	12	11	121	24400	7	1376	33	17	3120	1	5.4487	5.0872	5	17.40001	0.6615	7	1.626728	0	1	5
244	38	1	12	6	36	14025	7	1040	41	17	1944	1	6.6872	0.9615	7.5	13.02504	0.7215	7	-0.0392607	0	2	0
245	46	1	12	10	100	21367	12	548	47	12	2046	1	9.0943	4.3066	14	19.00698	0.6915	16	1.460149	0	3	3.69
246	40	0	12	4	16	14136	7	15	42	9	2005	1	6.5337	7.0667	7.5	14.03	0.7515	7	1.955394	0	3	0
247	31	1	9	2	4	19900	7	1980	36	10	2070	1	4.686	2.5253	5	14.89991	0.7515	10	0.9263599	0	4	2.56
248	43	1	10	13	169	37000	9	1520	50	12	3000	1	8	7.8947	9.5	25.00006	0.5215	12	2.066192	0	1	5
249	51	0	12	21	441	18500	7	1880	51	12	2640	1	4.053	4.1489	7.5	10.70007	0.6915	7	1.422843	0	0	3.9
250	30	1	16	9	81	34550	14	1260	34	17	2450	1	8.1633	8.1746	5	24.25	0.5515	16	2.101032	1	0	8.17
251	52	1	13	4	16	49620	7	1092	53	15	1000	1	16.5	9.5971	11	39.13997	0.4615	10	2.261461	0	0	0
252	30	0	8	2	4	10400	3	1587	33	8	2080	1	3.4615	2.0164	7.5	7.199973	0.7815	3	0.7013138	1	5	2.3
253	51	1	16	19	361	33000	16	156	51	16	2413	1	11.361	7.6218	11	31.811	0.5515	16	2.031013	0	0	0
254	31	1	13	4	16	16200	3	1939	31	12	2570	1	3.8911	3.1975	7.5	10.00005	0.7215	7	1.162369	0	2	3.43
255	34	1	12	9	81	22660	16	1250	52	12	2030	1	9.6059	1.6	7.5	20.66	0.6915	12	0.4700036	0	4	1.36
256	49	1	11	14	196	16000	7	610	59	17	4684	1	2.6687	4.0984	7.5	13.49998	0.7215	7	1.410597	0	0	4
257	35	1	13	6	36	25780	16	270	41	17	2802	1	8.8865	1.4815	9.5	25.38	0.6615	7	0.3930551	1	3	5
258	53	1	12	24	576	20675	12	660	59	12	2090	1	6.3636	3.6364	7.5	18.27498	0.7215	7	1.290994	1	0	3.15
259	32	0	12	1	1	40213	7	1000	46	16	2053	1	17.728	1	11	39.213	0.5515	12	0	0	3	0
260	38	1	10	13	169	15500	7	1920	42	10	1984	1	5.2923	2.6042	7.5	10.49994	0.7215	12	0.9571255	0	3	2.93
261	54	1	12	3	9	35207	12	200	54	16	2040	1	15.686	1.75	9.5	34.857	0.5815	7	0.5596158	0	0	0
262	47	1	17	10	100	35702	12	1500	58	8	2794	1	5.2423	4.8	11	28.502	0.5515	10	1.568616	0	1	3.6
263	45	1	15	16	256	17800	12	868	47	14	3290	1	3.0395	5.53	9.5	12.99996	0.7215	14	1.710188	0	1	6
264	47	1	16	9	81	50900	16	2318	46	16	1911	1	16.745	4.0984	5	41.39991	0.4915	16	1.410597	0	1	4.2
265	59	0	10	19	361	17280	7	2000	60	12	2000	1	3.75	1.25	5	14.78	0.6915	7	0.2231435	0	0	0
266	32	1	11	4	16	15150	9	60	31	12	2580	1	5.814	1.6667	5	15.05	0.7215	10	0.5108456	0	1	0
267	45	1	12	10	100	36200	7	1715	49	17	2400	1	10.833	3.7901	7.5	29.69998	0.5815	7	1.332392	0	1	3.38
268	40	1	12	5	25	17465	12	550	47	12	1740	1	9.0029	2.3636	5	16.16502	0.7215	14	0.8601859	0	4	2.26
269	47	1	14	7	49	45205	12	1960	50	12	2500	1	6.54	10.204	3	25.20516	0.61	14	2.32278	0	2	0
270	36	0	16	3	9	14500	10	44	37	17	1840	1	5.9783	6.8182	5	14.2	0.7515	12	1.919595	1	2	1.36
271	56	0	14	38	1444	32011	7	1920	56	14	2036	1	8.6248	7.2146	7.5	18.15897	0.5815	7	1.976107	0	0	6.92
272	41	0	8	16	256	35200	12	2540	43	11	3536	1	4.8329	2.4484	9.5	28.98106	0.6215	7	0.8954347	0	1	0
273	48	0	7	13	169	13579	7	156	51	11	880	1	10.909	1.1987	11	13.392	0.7515	3	0.1812376	0	3	0
274	36	0	12	1	1	10455	7	780	38	12	2007	1	3.8864	1.641	11	9.17502	0.7515	7	0.4953058	1	2	0
275	41	0	12	7	49	32600	3	3120	44	13	2632	1	8.4574	1.7821	5	27.03985	0.5515	7	0.5777924	0	0	0
276	41	1	14	15	225	19150	10	2040	43	12	2600	1	5	2.9412	11	13.14995	0.6915	7	1.078818	0	0	2.8
277	36	1	12	10	100	24400	17	1610	36	13	2156	1	7.4212	4.9689	9.5	16.40007	0.6615	12	1.603199	0	3	4.25
278	37	0	12	2	4	21700	7	215	41	12	3625	1	4.4938	1.8605	3	21.29999	0.6915	10	0.6208453	0	3	0
279	38	1	12	19	361	26201	3	1120	42	12	2420	1	7.0252	8.0357	9.5	17.20102	0.6215	7	2.083894	0	0	0
280	43	1	14	25	625	11920	3	846	43	9	2080	1	3.2788	3.9716	7.5	8.560026	0.7515	3	1.379169	0	2	4.2
281	54	1	16	25	625	16300	12	3225	59	17	3443	1	1.2861	3.0416	9.5	6.49084	0.7215	12	1.112384	0	0	0
282	38	1	12	7	49	16500	7	1376	41	12	2250	1	5.5556	2.907	5	12.49997	0.7215	7	1.067122	0	1	3.75
283	30	1	12	15	225	30000	7	980	34	16	2535	1	7.4951	3.0612	11	27.00002	0.5815	12	1.118807	1	0	3.6
284	49	1	12	11	121	62500	7	1838	48	15	2352	1	22.109	4.8966	9.5	53.50005	0.4415	7	1.588541	0	0	5
285	45	1	13	25	625	58500	10	1494	49	6	3036	1	9.058	4.0161	9.5	52.49995	0.4415	10	1.390311	0	1	2.5
286	51	1	13	19	361	40900	7	450	57	14	2600	1	11.538	5.5556	9.5	38.39998	0.5215	7	1.714806	0	0	3.5
287	34	1	10	4	16	16308	10	1976	39	7	2223	1	6.0468	1.2227	7.5	13.89194	0.6915	0	0.2010615	0	0	2.45
288	34	1	12	14	196	9300	7	2012	34	10	2666	1	1.3653	2.6839	7.5	3.899993	0.7515	7	0.987271	0	2	3.61
289	41	1	12	19	361	35700	9	561	41	17	2006	1	16.55	2.6738	7.5	34.2	0.5515	10	0.9835007	0	1	3.25
290	49	1	12	18	324	35700	9	1715	49	17	1710	1	8.7719	9.3294	11	19.70008	0.64	9	2.233171	0	1	7.05
291	32	1	12	14	196	24500	12	1912	46	14	1920	1	9.6354	3.1381	5	18.49995	0.6615	12	1.143618	0	0	3.6
292	32	1	14	11	121	13000	12	3686	39	14	1647	1	6.6788	0.5426	7.5	10.99998	0.7215	12	-0.6113829	0	0	0
293	32	0	17	4	16	52600	12	1080	35	15	3080	1	7.5727	8.6111	5	43.30001	0.4415	12	2.153052	0	2	4.65
294	47	1	10	29	841	25360	7	1799	48	10	1920	1	7.8125	3.6687	7.5	18.76001	0.6615	3	1.299837	0	0	3.25
295	39	0	9	21	441	9400	9	1984	47	4	2420	1	1.9835	2.3185	7.5	4.800096	0.7515	9	0.8409204	0	1	2.3
296	49	1	12	24	576	26800	12	1839	53	15	2205	1	9.5238	2.882	11	21.5	0.6215	12	1.058484	0	0	3.27
297	37	1	12	19	361	33040	7	1579	39	14	3035	1	6.425	3.1666	7.5	28.03994	0.6615	12	1.152658	0	3	0
298	59	1	16	31	961	26350	12	96	60	15	2185	1	10.984	3.6458	7.5	26	0.6215	14	1.293576	0	0	0
299	50	1	12	28	784	39000	7	1920	56	12	1880	1	12.766	6.25	14	27	0.5215	7	1.832582	0	0	5.47
300	32	1	17	15	225	35100	12	1688	33	17	1863	1	9.5545	10.249	9.5	17.79969	0.61	12	2.32718	0	1	9.8
301	46	0	12	27	729	22502	12	1589	48	16	2456	1	5.4967	3.2096	11	17.40195	0.6615	12	1.166146	0	0	5.54
302	43	0	17	13	169	21950	14	345	46	17	1847	1	9.7618	7.6522	14	19.30999	0.6915	12	2.034993	0	2	5
303	37	0	11	4	16	13000	7	1521	42	6	2000	1	5	1.9724	7.5	9.99998	0.7515	7	0.6792511	0	3	2.3
304	32	1	16	10	100	18180	14	1490	35	14	1856	1	5.9995	4.698	9	11.17998	0.7215	12	1.547137	0	2	3.9
305	39	1	11	8	64	20957	10	989	43	14	1880	1	6.9149	2.1234	9	18.85696	0.6915	10	0.7530186	0	1	2.76
306	34	0	13	4	16	13700	12	600	35	12	3020	1	4.9669	2.3333	7.5	12.30002	0.7215	12	0.8472836	0	2	2.9
307	39	1	11	18	324	20000	7	2646	41	8	2646	1	2.3896	2.3896	5	13.67712	0.6915	7	0.871126	0	1	0
308	45	1	8	3	9	12260	7	2149	48	9	1640	1	4.5122	1.2564	5	9.559997	0.7515	7	0.2282505	0	3	2.5
309	50	1	11	11	121	24850	12	320	54	11	1950	1	9.2308	1.0938	7.5	24.49998	0.6615	3	0.0896578	0	0	0
310	40	1	12	8	64	29150	7	1600	39	12	1920	1	11.458	3.75	7.5	23.15	0.5815	12	1.321756	0	1	3.3
311	30	1	10	10	100	23591	7	2419	34	12	2025	1	7.6993	3.3072	11	15.59088	0.6615	7	1.196102	0	1	3.9
312	57	1	17	33	1089	24717	12	2005	56	17	2470	1	4.183	5.1352	11	14.42092	0.6615	16	1.636119	0	0	5.25
313	39	1	12	19	361	30455	12	1960	43	12	1800	1	8.3333	6.6327	9	17.45491	0.6215	12	1.892012	0	1	3.6
314	53	1	12	35	1225	19600	12	2147	56	8	1920	1	5.1042	4.5645	7.5	9.800019	0.6915	12	1.518309	0	0	4.9
315	48	1	17	21	441	31875	12	1207	53	17	2039	1	8.2271	11.848	5	17.57446	0.64	7	2.472159	0	1	7.15
316	46	0	14	7	49	24055	14	2000	48	16	2570	1	5.6634	3.75	7.5	16.555	0.6615	14	1.321756	0	1	3.75
317	47	0	12	18	324	18795	10	1260	54	12	1914	1	5.222	4.3651	7.5	13.29497	0.7215	7	1.473641	0	0	4.35
318	43	0	12	4	16	12198	7	90	47	10	1516	1	7.19	3.9333	7.5	11.844	0.7515	7	1.369479	0	1	4
319	47	1	12	12	144	52645	7	1800	47	16	2520	1	13.907	3.3333	7.5	46.64506	0.4915	12	1.203963	0	0	3.25
320	47	0	12	16	256	16600	7	573	48	12	2327	1	6.0163	3.3159	14	14.69999	0.7215	10	1.198729	0	1	2.2
321	47	1	12	14	196	32590	7	1825	50	12	2188	1	7.6782	3.5616	7.5	26.09008	0.6215	7	1.27021	0	0	3
322	46	1	12	3	9	10020	7	75	48	12	1864	1	5.3112	1.6	7.5	9.9	0.7515	3	0.4700036	0	0	0
323	34	0	9	1	1	12048	7	1348	33	10	2183	1	4.1228	2.2255	11	9.048026	0.7515	7	0.7999817	0	4	2.3
324	48	0	10	27	729	39750	7	1880	55	12	1920	1	7.8125	4.7872	11	30.75006	0.6215	7	1.565946	0	0	4.25
325	30	1	12	12	144	15700	7	1240	31	12	1824	1	4.6053	5.8065	7.5	8.49994	0.7215	10	1.758978	0	1	6.9
326	51	0	12	6	36	24250	7	848	54	12	2878	1	3.9746	2.3585	3	22.24999	0.6615	7	0.8580258	0	1	2.3
327	52	1	12	9	81	43210	12	150	54	16	2390	1	15.063	2	14	42.91	0.5215	7	0.6931472	0	5	0
328	37	0	12	2	4	37100	12	2000	39	13	3120	1	4.5064	1.9	5	33.3	0.6215	12	0.6418539	0	2	1.85
329	32	0	12	6	36	23820	7	1952	33	12	2040	1	5.8824	5.123	5	13.8199	0.6615	12	1.63374	0	2	3.25
330	36	1	17	9	81	31600	14	1456	35	15	2151	1	10.228	5.4945	5	23.60001	0.5815	12	1.703748	0	2	6.04
331	35	1	12	16	256	24000	10	1740	37	14	1976	1	6.5789	6.3218	7.5	13.00007	0.6615	10	1.844004	0	2	5.5
332	45	0	17	22	484	30750	12	1400	51	16	2286	1	8.8145	7.1429	5	20.74994	0.5815	14	1.966119	0	0	7.14
333	56	0	12	26	676	11050	7	2000	60	10	2032	1	2.9528	2.375	14	6.3	0.7515	7	0.8649974	0	0	2.7
334	40	0	10	11	121	12239	7	1750	45	4	1680	1	4.5173	2.5429	14	7.788925	0.7515	7	0.9333052	0	2	2.74
335	45	1	12	11	121	12870	12	1101	49	14	1560	1	5.1282	2.1798	7.5	10.47004	0.7515	14	0.7792332	1	2	2.3
336	32	0	12	15	225	17200	7	2000	30	12	2895	1	4.1451	2.6	7.5	12	0.7215	10	0.9555114	0	2	2.5
337	45	0	12	13	169	23980	10	1877	50	8	1820	1	8.7912	3.7294	7.5	16.97992	0.6615	10	1.316247	0	0	3.6
338	40	1	12	6	36	18600	12	160	44	12	2450	1	7.3061	4.375	14	17.9	0.6915	7	1.475906	0	2	1.85
339	38	1	12	20	400	23920	10	1886	42	8	1748	1	6.0069	4.4433	9.5	15.53994	0.6915	7	1.491397	0	1	4
340	49	1	12	17	289	16084	7	1446	45	12	1020	1	8.3333	4.2877	14	9.883986	0.7515	7	1.45575	0	4	4.4
341	47	1	16	8	64	31100	14	1500	49	17	2342	1	11.529	1.6667	11	28.59995	0.5815	14	0.5108456	0	1	1.5
342	52	1	13	13	169	20460	7	860	53	12	2250	1	6.6667	3.2558	11	17.66001	0.6615	7	1.180438	0	0	5.83
343	34	1	13	15	225	36000	12	1848	40	16	2880	1	8.6806	5.4113	7.5	25.99992	0.5515	12	1.688489	0	1	6
344	44	0	12	14	196	17302	12	1678	46	12	2032	1	3.468	2.205	3	13.60201	0.7215	14	0.7907275	0	2	2.3
345	36	0	16	14	196	16450	7	160	42	16	3120	1	3.0321	4.0625	3	15.8	0.7215	14	1.401799	0	3	0
346	50	1	17	6	36	41170	16	108	57	16	1760	1	13.807	0.6482	9.5	41.09999	0.5815	14	-0.433556	0	0	0
347	45	1	12	24	576	20130	0	1738	47	12	1725	1	6.2174	5.3826	7.5	10.77504	0.6615	0	1.683172	0	0	6.18
348	44	1	14	10	100	9200	12	1170	46	13	2080	1	4.2308	0.1709	9.5	9.000047	0.7515	16	-1.766677	0	2	0
349	57	1	12	2	4	24751	7	15	57	10	2040	1	11.47	23.467	11	24.39899	0.6615	7	3.155595	0	2	0
350	35	1	17	9	81	57300	17	2088	42	17	2940	1	12.245	9.5785	9.5	37.30009	0.5	12	2.259521	0	0	9.98
351	46	1	12	23	529	37200	7	2490	52	12	2280	1	9.2105	3.6948	7.5	27.99995	0.5815	7	1.306926	0	0	3.77
352	30	1	14	12	144	14000	12	135	35	16	2164	1	6.3309	2.2222	14	13.7	0.7215	10	0.7984977	2	1	0
353	42	0	12	8	64	20610	3	1944	44	12	1999	1	7.8039	1.749	14	17.20994	0.6915	7	0.5590442	0	3	2.3
354	34	1	12	16	256	14800	7	690	36	13	1824	1	7.6754	1.1594	7.5	14.00001	0.7215	10	0.1479026	0	1	2.25
355	45	1	17	10	100	40005	14	608	47	16	2182	1	15.582	6.9901	14	35.75502	0.5515	10	1.944495	0	2	3
356	35	1	16	7	49	23750	7	63	37	16	2385	1	9.6436	3.9683	14	23.5	0.6615	14	1.378338	1	2	0
357	40	1	16	19	361	35300	12	154	44	17	2460	1	12.886	21.429	14	31.99993	0.5515	7	3.064745	0	0	8.13
358	32	1	12	2	4	17350	12	420	35	16	2595	1	6.5511	0.4762	7.5	17.15	0.6915	12	-0.7419173	0	1	2.85
359	54	1	9	9	81	21650	7	651	57	10	2400	1	8.25	2.1505	7.5	20.25002	0.6615	7	0.7657004	0	0	1.44
360	38	0	12	14	196	6740	7	675	42	8	3120	1	1.3792	1.8578	14	5.485985	0.7915	7	0.619393	0	3	2.2
361	43	1	12	9	81	32275	14	1663	42	12	2850	1	5.2632	4.3295	5	25.07504	0.6915	12	1.465452	0	3	3.6
362	54	1	16	16	256	33220	7	1680	60	12	760	1	10.526	8.9286	9.5	18.21995	0.72	14	2.18926	0	0	7
363	39	1	14	7	49	26500	12	180	37	17	2500	1	10	2.7778	7.5	26	0.6215	12	1.021659	0	3	4
364	37	1	12	6	36	38700	12	1581	39	14	2630	1	12.548	2.6565	5	34.50007	0.5215	7	0.9770095	0	1	3.25
365	46	1	12	22	484	15400	7	1200	48	8	2597	1	4.6207	2.5	5	12.4	0.7215	7	0.9162908	0	2	3.08
366	56	0	11	9	81	19007	7	450	60	11	2760	1	1.854	18.267	3	10.78685	0.6915	7	2.905096	0	0	0
367	41	0	12	9	81	16771	7	547	44	8	2070	1	7.4266	0.819	7.5	16.32301	0.7215	12	-0.1996712	0	3	2
368	45	1	16	14	196	31100	7	300	48	16	2256	1	13.298	2	11	30.5	0.5815	16	0.6931472	0	1	0
369	44	1	17	17	289	66300	3	975	47	16	1505	1	26.578	15.385	7.5	51.29963	0.5	3	2.733393	0	1	8.5
370	50	0	17	12	144	43550	12	1621	52	17	2364	1	13.959	6.4775	5	33.04997	0.4915	16	1.868335	0	1	0
371	37	0	14	13	169	37250	7	300	38	14	2895	1	13.126	8.3333	11	34.75001	0.6215	7	2.12026	0	5	3.5
372	44	0	12	8	64	24900	7	1868	46	12	2041	1	7.8883	4.5503	14	16.40004	0.6615	16	1.515193	0	1	4.25
373	32	1	14	10	100	24200	14	1803	34	17	2195	1	8.656	2.4958	9.5	19.70007	0.6615	7	0.9146093	0	2	1.9
374	34	0	12	16	256	16200	10	2143	40	12	1935	1	3.4109	4.4797	14	6.600003	0.7215	10	1.499556	1	1	4.8
375	32	0	10	1	1	11431	10	1080	35	10	1950	1	4.6256	2.2324	7.5	9.020008	0.7515	10	0.8030772	0	2	2.3
376	37	0	12	6	36	13200	10	1352	38	14	2375	1	4.2105	2.071	11	10.40001	0.7515	10	0.7280316	0	3	1.8
377	44	1	13	4	16	15420	10	537	55	8	1920	1	4.2708	1.676	9	14.51999	0.7715	10	0.51641	0	1	0
378	34	0	16	8	64	18400	12	352	33	12	3300	1	3.3424	3.4091	14	17.2	0.6915	12	1.226448	0	2	0
379	33	1	12	4	16	43500	3	200	33	16	3680	1	8.6359	2.5	5	43	0.4915	10	0.9162908	1	3	8
380	43	1	7	15	225	21972	7	2045	43	12	1968	1	6.7581	3.9609	7.5	13.87196	0.6915	7	1.376471	0	3	4.07
381	35	0	16	7	49	7774	16	1253	33	10	2504	1	0.5843	6.2275	11	-0.0290575	0.7715	16	1.828975	0	2	3.97
382	43	0	14	14	196	24470	7	1960	45	14	2000	1	5.335	3.9286	7.5	16.76994	0.6915	7	1.368283	0	1	3.85
383	34	0	12	16	256	13600	7	2000	37	12	1656	1	4.7101	2.9	7.5	7.8	0.7215	7	1.064711	0	0	2.5
384	36	0	10	15	225	22500	0	1960	39	7	1968	1	4.9797	4.0816	7.5	14.50006	0.7215	7	1.406489	0	3	4.55
385	41	0	12	23	529	13600	7	2000	41	12	2016	1	2.9762	2.85	14	7.9	0.7215	7	1.047319	0	2	4.2
386	41	0	16	19	361	90800	7	1568	44	17	2602	1	12.744	7.0153	7.5	79.80001	0.4415	7	1.948093	0	0	6.31
387	35	0	10	4	16	10776	10	1225	43	9	1560	1	3.8462	2.9388	7.5	7.17597	0.7515	10	1.078001	0	3	2.4
388	32	1	12	12	144	19007	7	780	37	10	1827	1	7.2233	1.9231	5	17.50698	0.7515	10	0.6539385	1	3	3.25
389	30	1	14	12	144	23900	12	480	34	14	2080	1	8.8077	6.875	14	20.6	0.6615	12	1.927892	0	0	0
390	43	1	12	25	625	26060	7	1923	47	12	3390	1	5.3864	3.9002	7.5	18.55992	0.6215	7	1.361028	0	0	4.74
391	54	0	6	14	196	13300	7	2000	57	6	2524	1	3.6846	2	7.5	9.3	0.7215	7	0.6931472	0	0	0
392	35	0	15	14	196	15620	7	2110	34	12	2777	1	1.8437	4.9763	7.5	5.120008	0.7215	7	1.604687	0	2	4.37
393	50	0	12	11	121	16500	7	1664	54	13	3120	1	1.3013	1.2019	7.5	14.50004	0.7215	7	0.1839036	0	0	5
394	34	1	17	7	49	20880	16	48	36	17	2700	1	7.2222	22.5	5	19.8	0.6915	14	3.113515	1	1	0
395	52	1	14	18	324	30600	12	1791	57	12	1904	1	7.3529	6.8677	9.5	18.29995	0.6615	14	1.926829	0	0	6.18
396	35	1	13	4	16	39000	10	1404	38	14	2360	1	11.864	3.5613	9	33.99994	0.6215	7	1.270126	0	3	5.3
397	55	0	6	37	1369	15428	7	1920	58	8	1960	1	5.3327	1.9792	7.5	11.62794	0.7215	7	0.6826927	0	0	2.58
398	35	0	16	13	169	23300	7	2141	42	16	2000	1	5.5	5.3713	7.5	11.80005	0.6615	7	1.68107	0	0	6
399	49	1	14	14	196	42100	16	1720	45	16	2600	1	7.2308	1.7442	9.5	39.09998	0.5215	16	0.556296	0	1	0
400	38	1	15	17	289	36430	7	3533	38	9	2000	1	7	5.0948	9.5	18.43007	0.64	12	1.62822	2	2	8.5
401	42	1	14	5	25	26000	7	2000	45	14	2218	1	7.2137	2.5	9.5	21	0.6915	7	0.9162908	0	2	0
402	48	0	8	2	4	62060	7	800	52	5	2000	1	4.5	3.825	7.5	59	0.7515	7	1.341558	0	1	2.3
403	51	1	14	0	0	28300	12	3000	53	16	2595	1	8.8632	1	9.5	25.3	0.6215	12	0	0	0	0
404	43	1	12	3	9	24149	10	293	47	12	2400	1	9.3333	3.0717	7.5	23.24899	0.6615	12	1.122231	0	2	4
405	43	1	12	21	441	28141	10	1872	48	12	2856	1	3.8263	1.7163	7.5	24.92809	0.6615	12	0.5401708	0	1	0
406	38	1	12	20	400	23057	10	2058	38	14	2601	1	5.4448	4.0209	7.5	14.78199	0.6615	10	1.391506	0	1	4
407	44	1	12	19	361	28900	7	1832	48	9	2054	1	8.7634	5.4585	7.5	18.90003	0.6215	3	1.697174	0	1	4.95
408	36	1	12	4	16	24000	10	120	35	12	2500	1	8.4	25	9.5	21	0.6615	12	3.218876	1	3	9.98
409	38	0	12	19	361	13900	12	1632	31	12	1960	1	5.102	2.3897	7.5	10.00001	0.7215	12	0.8711678	0	0	2.3
410	47	1	8	11	121	31810	12	778	51	8	2058	1	7.4101	3.2134	5	29.30997	0.6915	12	1.16733	0	0	7.25
411	34	0	12	14	196	19840	7	1984	49	10	2410	1	5.3527	3.377	7.5	13.14003	0.6915	7	1.216988	0	2	3.14
412	40	1	17	8	64	25490	17	225	38	17	1278	1	19.562	1.7778	14	25.08999	0.6615	16	0.5753766	1	2	0
413	31	0	12	13	169	20800	12	1960	35	12	2875	1	5.0783	3.1633	7.5	14.59993	0.6915	12	1.151616	0	1	3.18
414	46	1	12	24	576	2400	16	444	49	12	2340	1	0.5128	2.7027	7.5	1.200001	0.8015	10	0.9942513	0	0	0
415	36	1	14	1	1	32650	10	384	43	17	3060	1	5.402	1.6927	14	32	0.5815	10	0.5263249	0	3	0
416	39	1	13	1	1	16370	16	1170	47	12	1920	1	7.8646	0.2137	11	16.11997	0.7215	12	-1.543182	1	2	0
417	36	0	17	3	9	35500	7	1330	38	12	3390	1	6.0531	6.7669	14	26.50002	0.5515	7	1.912043	0	2	4.5
418	37	0	8	4	16	15100	7	1350	41	12	2400	1	5	1.7407	3	12.75006	0.7515	7	0.5542873	0	4	2.1
419	39	0	12	21	441	14100	9	480	40	11	1640	1	7.6829	2.5	3	12.9	0.7515	7	0.9162908	0	4	0
420	36	0	11	10	100	19600	3	1984	38	8	1656	1	6.0386	4.4859	14	10.69998	0.7215	7	1.500939	1	3	3.26
421	49	1	12	13	169	19434	7	1944	53	16	1920	1	5.851	2.572	5	14.43403	0.7215	7	0.9446838	0	2	2.7
422	45	1	12	9	81	23882	7	50	46	10	1780	1	6.7416	3.46	9.5	23.709	0.7215	7	1.241269	1	1	5
423	32	0	17	14	196	17300	7	460	31	17	1850	1	8.1081	4.7826	7.5	15.1	0.7215	7	1.564984	2	0	0
424	36	0	10	2	4	19772	7	680	43	12	3430	1	5.3061	2.3118	7.5	18.19998	0.7215	7	0.8380265	0	5	0
425	40	1	12	21	441	35641	7	2450	40	8	2008	1	7.2709	5.3061	5	22.64106	0.6215	7	1.668857	0	1	6.5
426	43	1	13	22	484	34220	7	2144	43	11	2140	1	8.1776	5.8675	7.5	21.64008	0.5815	7	1.769429	0	2	0
427	33	1	12	14	196	30000	16	1760	34	12	3380	1	7.1006	3.4091	11	23.99998	0.5815	12	1.226448	0	1	3.21
428	30	1	12	7	49	18000	12	490	33	11	2430	1	6.5844	4.0816	7.5	16.00002	0.6915	12	1.406489	0	1	2.46
